           t              x              y              z             vz
     0.00000        0.00000        0.00000        0.00000        5.00000
     0.01000        0.05000        0.05000        0.04951        4.90200
     0.02000        0.10000        0.10000        0.09804        4.80400
     0.03000        0.15000        0.15000        0.14559        4.70600
     0.04000        0.20000        0.20000        0.19216        4.60800
     0.05000        0.25000        0.25000        0.23775        4.51000
     0.06000        0.30000        0.30000        0.28236        4.41200
     0.07000        0.35000        0.35000        0.32599        4.31400
     0.08000        0.40000        0.40000        0.36864        4.21600
     0.09000        0.45000        0.45000        0.41031        4.11800
     0.10000        0.50000        0.50000        0.45100        4.02000
     0.11000        0.55000        0.55000        0.49071        3.92200
     0.12000        0.60000        0.60000        0.52944        3.82400
     0.13000        0.65000        0.65000        0.56719        3.72600
     0.14000        0.70000        0.70000        0.60396        3.62800
     0.15000        0.75000        0.75000        0.63975        3.53000
     0.16000        0.80000        0.80000        0.67456        3.43200
     0.17000        0.85000        0.85000        0.70839        3.33400
     0.18000        0.90000        0.90000        0.74124        3.23600
     0.19000        0.95000        0.95000        0.77311        3.13800
     0.20000        1.00000        1.00000        0.80400        3.04000
     0.21000        1.05000        1.05000        0.83391        2.94200
     0.22000        1.10000        1.10000        0.86284        2.84400
     0.23000        1.15000        1.15000        0.89079        2.74600
     0.24000        1.20000        1.20000        0.91776        2.64800
     0.25000        1.25000        1.25000        0.94375        2.55000
     0.26000        1.30000        1.30000        0.96876        2.45200
     0.27000        1.35000        1.35000        0.99279        2.35400
     0.28000        1.40000        1.40000        1.01584        2.25600
     0.29000        1.45000        1.45000        1.03791        2.15800
     0.30000        1.50000        1.50000        1.05900        2.06000
     0.31000        1.55000        1.55000        1.07911        1.96200
     0.32000        1.60000        1.60000        1.09824        1.86400
     0.33000        1.65000        1.65000        1.11639        1.76600
     0.34000        1.70000        1.70000        1.13356        1.66800
     0.35000        1.75000        1.75000        1.14975        1.57000
     0.36000        1.80000        1.80000        1.16496        1.47200
     0.37000        1.85000        1.85000        1.17919        1.37400
     0.38000        1.90000        1.90000        1.19244        1.27600
     0.39000        1.95000        1.95000        1.20471        1.17800
     0.40000        2.00000        2.00000        1.21600        1.08000
     0.41000        2.05000        2.05000        1.22631        0.98200
     0.42000        2.10000        2.10000        1.23564        0.88400
     0.43000        2.15000        2.15000        1.24399        0.78600
     0.44000        2.20000        2.20000        1.25136        0.68800
     0.45000        2.25000        2.25000        1.25775        0.59000
     0.46000        2.30000        2.30000        1.26316        0.49200
     0.47000        2.35000        2.35000        1.26759        0.39400
     0.48000        2.40000        2.40000        1.27104        0.29600
     0.49000        2.45000        2.45000        1.27351        0.19800
     0.50000        2.50000        2.50000        1.27500        0.10000
     0.51000        2.55000        2.55000        1.27551        0.00200
     0.52000        2.60000        2.60000        1.27504       -0.09600
     0.53000        2.65000        2.65000        1.27359       -0.19400
     0.54000        2.70000        2.70000        1.27116       -0.29200
     0.55000        2.75000        2.75000        1.26775       -0.39000
     0.56000        2.80000        2.80000        1.26336       -0.48800
     0.57000        2.85000        2.85000        1.25799       -0.58600
     0.58000        2.90000        2.90000        1.25164       -0.68400
     0.59000        2.95000        2.95000        1.24431       -0.78200
     0.60000        3.00000        3.00000        1.23600       -0.88000
     0.61000        3.05000        3.05000        1.22671       -0.97800
     0.62000        3.10000        3.10000        1.21644       -1.07600
     0.63000        3.15000        3.15000        1.20519       -1.17400
     0.64000        3.20000        3.20000        1.19296       -1.27200
     0.65000        3.25000        3.25000        1.17975       -1.37000
     0.66000        3.30000        3.30000        1.16556       -1.46800
     0.67000        3.35000        3.35000        1.15039       -1.56600
     0.68000        3.40000        3.40000        1.13424       -1.66400
     0.69000        3.45000        3.45000        1.11711       -1.76200
     0.70000        3.50000        3.50000        1.09900       -1.86000
     0.71000        3.55000        3.55000        1.07991       -1.95800
     0.72000        3.60000        3.60000        1.05984       -2.05600
     0.73000        3.65000        3.65000        1.03879       -2.15400
     0.74000        3.70000        3.70000        1.01676       -2.25200
     0.75000        3.75000        3.75000        0.99375        6.90317
     0.76000        3.73016        3.73016        1.06229        6.80517
     0.77000        3.71033        3.71033        1.12985        6.70717
     0.78000        3.69049        3.69049        1.19644        6.60917
     0.79000        3.67066        3.67066        1.26204        6.51117
     0.80000        3.65082        3.65082        1.32666        6.41317
     0.81000        3.63099        3.63099        1.39030        6.31517
     0.82000        3.61115        3.61115        1.45296        6.21717
     0.83000        3.59132        3.59132        1.51464        6.11917
     0.84000        3.57148        3.57148        1.57535        6.02117
     0.85000        3.55165        3.55165        1.63507        5.92317
     0.86000        3.53181        3.53181        1.69381        5.82517
     0.87000        3.51198        3.51198        1.75157        5.72717
     0.88000        3.49214        3.49214        1.80835        5.62917
     0.89000        3.47231        3.47231        1.86415        5.53117
     0.90000        3.45247        3.45247        1.91898        5.43317
     0.91000        3.43264        3.43264        1.97282        5.33517
     0.92000        3.41280        3.41280        2.02568        5.23717
     0.93000        3.39297        3.39297        2.07756        5.13917
     0.94000        3.37313        3.37313        2.12846        5.04117
     0.95000        3.35330        3.35330        2.17838        4.94317
     0.96000        3.33346        3.33346        2.22733        4.84517
     0.97000        3.31362        3.31362        2.27529        4.74717
     0.98000        3.29379        3.29379        2.32227        4.64917
     0.99000        3.27395        3.27395        2.36827        4.55117
     1.00000        3.25412        3.25412        2.41329        4.45317
     1.01000        3.23428        3.23428        2.45733        4.35517
     1.02000        3.21445        3.21445        2.50040        4.25717
     1.03000        3.19461        3.19461        2.54248        4.15917
     1.04000        3.17478        3.17478        2.58358        4.06117
     1.05000        3.15494        3.15494        2.62370        3.96317
     1.06000        3.13511        3.13511        2.66284        3.86517
     1.07000        3.11527        3.11527        2.70100        3.76717
     1.08000        3.09544        3.09544        2.73819        3.66917
     1.09000        3.07560        3.07560        2.77439        3.57117
     1.10000        3.05577        3.05577        2.80961        3.47317
     1.11000        3.03593        3.03593        2.84385        3.37517
     1.12000        3.01610        3.01610        2.87711        3.27717
     1.13000        2.99626        2.99626        2.90939        3.17917
     1.14000        2.97643        2.97643        2.94070        3.08117
     1.15000        2.95659        2.95659        2.97102        2.98317
     1.16000        2.93675        2.93675        3.00036        2.88517
     1.17000        2.91692        2.91692        3.02872        2.78717
     1.18000        2.89708        2.89708        3.05610        2.68917
     1.19000        2.87725        2.87725        3.08250        2.59117
     1.20000        2.85741        2.85741        3.10793        2.49317
     1.21000        2.83758        2.83758        3.13237        2.39517
     1.22000        2.81774        2.81774        3.15583        2.29717
     1.23000        2.79791        2.79791        3.17831        2.19917
     1.24000        2.77807        2.77807        3.19981        2.10117
     1.25000        2.75824        2.75824        3.22034        2.00317
     1.26000        2.73840        2.73840        3.23988        1.90517
     1.27000        2.71857        2.71857        3.25844        1.80717
     1.28000        2.69873        2.69873        3.27602        1.70917
     1.29000        2.67890        2.67890        3.29262        1.61117
     1.30000        2.65906        2.65906        3.30824        1.51317
     1.31000        2.63923        2.63923        3.32289        1.41517
     1.32000        2.61939        2.61939        3.33655        1.31717
     1.33000        2.59956        2.59956        3.34923        1.21917
     1.34000        2.57972        2.57972        3.36093        1.12117
     1.35000        2.55989        2.55989        3.37165        1.02317
     1.36000        2.54005        2.54005        3.38139        0.92517
     1.37000        2.52021        2.52021        3.39016        0.82717
     1.38000        2.50038        2.50038        3.39794        0.72917
     1.39000        2.48054        2.48054        3.40474        0.63117
     1.40000        2.46071        2.46071        3.41056        0.53317
     1.41000        2.44087        2.44087        3.41540        0.43517
     1.42000        2.42104        2.42104        3.41926        0.33717
     1.43000        2.40120        2.40120        3.42215        0.23917
     1.44000        2.38137        2.38137        3.42405        0.14117
     1.45000        2.36153        2.36153        3.42497        0.04317
     1.46000        2.34170        2.34170        3.42491       -0.05483
     1.47000        2.32186        2.32186        3.42387       -0.15283
     1.48000        2.30203        2.30203        3.42185       -0.25083
     1.49000        2.28219        2.28219        3.41886       -0.34883
     1.50000        2.26236        2.26236        3.41488       -0.44683
     1.51000        2.24252        2.24252        3.40992       -0.54483
     1.52000        2.22269        2.22269        3.40398       -0.64283
     1.53000        2.20285        2.20285        3.39706       -0.74083
     1.54000        2.18302        2.18302        3.38916       -0.83883
     1.55000        2.16318        2.16318        3.38029       -0.93683
     1.56000        2.14334        2.14334        3.37043       -1.03483
     1.57000        2.12351        2.12351        3.35959       -1.13283
     1.58000        2.10367        2.10367        3.34777       -1.23083
     1.59000        2.08384        2.08384        3.33497       -1.32883
     1.60000        2.06400        2.06400        3.32119       -1.42683
     1.61000        2.04417        2.04417        3.30644       -1.52483
     1.62000        2.02433        2.02433        3.29070       -1.62283
     1.63000        2.00450        2.00450        3.27398       -1.72083
     1.64000        1.98466        1.98466        3.25628       -1.81883
     1.65000        1.96483        1.96483        3.23760       -1.91683
     1.66000        1.94499        1.94499        3.21794       -2.01483
     1.67000        1.92516        1.92516        3.19731       -2.11283
     1.68000        1.90532        1.90532        3.17569       -2.21083
     1.69000        1.88549        1.88549        3.15309       -2.30883
     1.70000        1.86565        1.86565        3.12951       -2.40683
     1.71000        1.84582        1.84582        3.10495       -2.50483
     1.72000        1.82598        1.82598        3.07942       -2.60283
     1.73000        1.80615        1.80615        3.05290       -2.70083
     1.74000        1.78631        1.78631        3.02540       -2.79883
     1.75000        1.76648        1.76648        2.99692       -2.89683
     1.76000        1.74664        1.74664        2.96746       -2.99483
     1.77000        1.72680        1.72680        2.93702       -3.09283
     1.78000        1.70697        1.70697        2.90561       -3.19083
     1.79000        1.68713        1.68713        2.87321       -3.28883
     1.80000        1.66730        1.66730        2.83983       -3.38683
     1.81000        1.64746        1.64746        2.80547       -3.48483
     1.82000        1.62763        1.62763        2.77013       -3.58283
     1.83000        1.60779        1.60779        2.73381       -3.68083
     1.84000        1.58796        1.58796        2.69652       -3.77883
     1.85000        1.56812        1.56812        2.65824       -3.87683
     1.86000        1.54829        1.54829        2.61898       -3.97483
     1.87000        1.52845        1.52845        2.57874       -4.07283
     1.88000        1.50862        1.50862        2.53752       -4.17083
     1.89000        1.48878        1.48878        2.49532       -4.26883
     1.90000        1.46895        1.46895        2.45215       -4.36683
     1.91000        1.44911        1.44911        2.40799       -4.46483
     1.92000        1.42928        1.42928        2.36285       -4.56283
     1.93000        1.40944        1.40944        2.31673       -4.66083
     1.94000        1.38961        1.38961        2.26963       -4.75883
     1.95000        1.36977        1.36977        2.22155       -4.85683
     1.96000        1.34994        1.34994        2.17250       -4.95483
     1.97000        1.33010        1.33010        2.12246       -5.05283
     1.98000        1.31026        1.31026        2.07144       -5.15083
     1.99000        1.29043        1.29043        2.01944       -5.24883
     2.00000        1.27059        1.27059        1.96646       -5.34683
     2.01000        1.25076        1.25076        1.91250       -5.44483
     2.02000        1.23092        1.23092        1.85757       -5.54283
     2.03000        1.21109        1.21109        1.80165       -5.64083
     2.04000        1.19125        1.19125        1.74475       -5.73883
     2.05000        1.17142        1.17142        1.68687       -5.83683
     2.06000        1.15158        1.15158        1.62801       -5.93483
     2.07000        1.13175        1.13175        1.56817       -6.03283
     2.08000        1.11191        1.11191        1.50736       -6.13083
     2.09000        1.09208        1.09208        1.44556       -6.22883
     2.10000        1.07224        1.07224        1.38278       -6.32683
     2.11000        1.05241        1.05241        1.31902       -6.42483
     2.12000        1.03257        1.03257        1.25428       -6.52283
     2.13000        1.01274        1.01274        1.18856       -6.62083
     2.14000        0.99290        0.99290        1.12187       -6.71883
     2.15000        0.97307        0.97307        1.05419       -6.81683
     2.16000        0.95323        0.95323        0.98553       -6.91483
     2.17000        0.93339        0.93339        0.91589       -7.01283
     2.18000        0.91356        0.91356        0.84527       -7.11083
     2.19000        0.89372        0.89372        0.77368       -7.20883
     2.20000        0.87389        0.87389        0.70110       -7.30683
     2.21000        0.85405        0.85405        0.62754       -7.40483
     2.22000        0.83422        0.83422        0.55300       -7.50283
     2.23000        0.81438        0.81438        0.47748       -7.60083
     2.24000        0.79455        0.79455        0.40098       -7.69883
     2.25000        0.77471        0.77471        0.32351       -7.79683
     2.26000        0.75488        0.75488        0.24505       -7.89483
     2.27000        0.73504        0.73504        0.16561       -7.99283
     2.28000        0.71521        0.71521        0.08519       -8.09083
     2.29000        0.69537        0.69537        0.00379       -8.18883


         #xs             ys             zs
     4.50000        4.50000        1.50000
     4.50000        4.50000        1.50000
     4.50000        4.50000        1.50000
     4.50000        4.50000        1.50000
     4.50000        4.50000        1.50000
     4.50000        4.50000        1.50000
     4.50000        4.50000        1.50000
     4.50000        4.50000        1.50000
     4.50000        4.50000        1.50000
     4.50000        4.50000        1.50000
     4.50000        4.50000        1.50000
     4.50000        4.50000        1.50000
     4.50000        4.50000        1.50000
     4.50000        4.50000        1.50000
     4.50000        4.50000        1.50000
     4.50000        4.50000        1.50000
     4.50000        4.50000        1.50000
     4.50000        4.50000        1.50000
     4.50000        4.50000        1.50000
     4.50000        4.50000        1.50000
     4.50000        4.50000        1.50000
     4.50000        4.50000        1.50000
     4.50000        4.50000        1.50000
     4.50000        4.50000        1.50000
     4.50000        4.50000        1.50000
     4.50000        4.50000        1.50000
     4.50000        4.50000        1.50000
     4.50000        4.50000        1.50000
     4.50000        4.50000        1.50000
     4.50000        4.50000        1.50000
     4.50000        4.50000        1.50000
     4.50000        4.50000        1.50000
     4.50000        4.50000        1.50000
     4.50000        4.50000        1.50000
     4.50000        4.50000        1.50000
     4.50000        4.50000        1.50000
     4.50000        4.50000        1.50000
     4.50000        4.50000        1.50000
     4.50000        4.50000        1.50000
     4.50000        4.50000        1.50000
     4.50000        4.50000        1.50000
     4.50000        4.50000        1.50000
     4.50000        4.50000        1.50000
     4.50000        4.50000        1.50000
     4.50000        4.50000        1.50000
     4.50000        4.50000        1.50000
     4.50000        4.50000        1.50000
     4.50000        4.50000        1.50000
     4.50000        4.50000        1.50000
     4.50000        4.50000        1.50000
     4.50000        4.50000        1.50000
     4.50000        4.50000        1.50000
     4.50000        4.50000        1.50000
     4.50000        4.50000        1.50000
     4.50000        4.50000        1.50000
     4.50000        4.50000        1.50000
     4.50000        4.50000        1.50000
     4.50000        4.50000        1.50000
     4.50000        4.50000        1.50000
     4.50000        4.50000        1.50000
     4.50000        4.50000        1.50000
     4.50000        4.50000        1.50000
     4.50000        4.50000        1.50000

     4.64975        4.50000        1.49251
     4.64900        4.51495        1.49251
     4.64677        4.52975        1.49251
     4.64306        4.54425        1.49251
     4.63793        4.55832        1.49251
     4.63142        4.57179        1.49251
     4.62359        4.58456        1.49251
     4.61454        4.59647        1.49251
     4.60433        4.60742        1.49251
     4.59309        4.61730        1.49251
     4.58091        4.62601        1.49251
     4.56793        4.63346        1.49251
     4.55426        4.63957        1.49251
     4.54006        4.64429        1.49251
     4.52545        4.64757        1.49251
     4.51059        4.64937        1.49251
     4.49563        4.64969        1.49251
     4.48071        4.64850        1.49251
     4.46598        4.64583        1.49251
     4.45159        4.64171        1.49251
     4.43768        4.63617        1.49251
     4.42440        4.62927        1.49251
     4.41187        4.62107        1.49251
     4.40023        4.61167        1.49251
     4.38958        4.60115        1.49251
     4.38003        4.58962        1.49251
     4.37168        4.57720        1.49251
     4.36462        4.56400        1.49251
     4.35890        4.55016        1.49251
     4.35460        4.53583        1.49251
     4.35175        4.52113        1.49251
     4.35038        4.50623        1.49251
     4.35051        4.49126        1.49251
     4.35212        4.47638        1.49251
     4.35522        4.46173        1.49251
     4.35977        4.44747        1.49251
     4.36571        4.43373        1.49251
     4.37300        4.42066        1.49251
     4.38155        4.40837        1.49251
     4.39129        4.39701        1.49251
     4.40212        4.38667        1.49251
     4.41392        4.37746        1.49251
     4.42658        4.36948        1.49251
     4.43998        4.36280        1.49251
     4.45398        4.35750        1.49251
     4.46843        4.35361        1.49251
     4.48321        4.35119        1.49251
     4.49814        4.35026        1.49251
     4.51310        4.35082        1.49251
     4.52793        4.35288        1.49251
     4.54248        4.35640        1.49251
     4.55660        4.36136        1.49251
     4.57016        4.36770        1.49251
     4.58302        4.37537        1.49251
     4.59505        4.38428        1.49251
     4.60612        4.39435        1.49251
     4.61614        4.40547        1.49251
     4.62500        4.41753        1.49251
     4.63261        4.43043        1.49251
     4.63889        4.44401        1.49251
     4.64379        4.45816        1.49251
     4.64724        4.47272        1.49251
     4.64923        4.48756        1.49251

     4.79800        4.50000        1.47010
     4.79652        4.52975        1.47010
     4.79206        4.55920        1.47010
     4.78469        4.58807        1.47010
     4.77448        4.61605        1.47010
     4.76152        4.64287        1.47010
     4.74595        4.66827        1.47010
     4.72793        4.69198        1.47010
     4.70762        4.71377        1.47010
     4.68524        4.73343        1.47010
     4.66101        4.75076        1.47010
     4.63517        4.76558        1.47010
     4.60798        4.77775        1.47010
     4.57972        4.78714        1.47010
     4.55065        4.79367        1.47010
     4.52108        4.79726        1.47010
     4.49130        4.79788        1.47010
     4.46160        4.79552        1.47010
     4.43229        4.79021        1.47010
     4.40366        4.78200        1.47010
     4.37599        4.77097        1.47010
     4.34955        4.75724        1.47010
     4.32462        4.74094        1.47010
     4.30145        4.72222        1.47010
     4.28025        4.70129        1.47010
     4.26126        4.67835        1.47010
     4.24464        4.65362        1.47010
     4.23058        4.62736        1.47010
     4.21921        4.59983        1.47010
     4.21065        4.57130        1.47010
     4.20498        4.54205        1.47010
     4.20225        4.51239        1.47010
     4.20250        4.48260        1.47010
     4.20573        4.45299        1.47010
     4.21189        4.42385        1.47010
     4.22093        4.39547        1.47010
     4.23276        4.36813        1.47010
     4.24726        4.34211        1.47010
     4.26429        4.31766        1.47010
     4.28367        4.29504        1.47010
     4.30521        4.27447        1.47010
     4.32870        4.25615        1.47010
     4.35390        4.24027        1.47010
     4.38056        4.22698        1.47010
     4.40841        4.21642        1.47010
     4.43718        4.20869        1.47010
     4.46658        4.20388        1.47010
     4.49631        4.20202        1.47010
     4.52608        4.20314        1.47010
     4.55558        4.20723        1.47010
     4.58453        4.21424        1.47010
     4.61264        4.22410        1.47010
     4.63962        4.23673        1.47010
     4.66521        4.25198        1.47010
     4.68914        4.26971        1.47010
     4.71119        4.28975        1.47010
     4.73112        4.31188        1.47010
     4.74875        4.33589        1.47010
     4.76389        4.36155        1.47010
     4.77639        4.38858        1.47010
     4.78613        4.41673        1.47010
     4.79302        4.44571        1.47010
     4.79697        4.47524        1.47010

     4.94328        4.50000        1.43300
     4.94107        4.54425        1.43300
     4.93444        4.58807        1.43300
     4.92348        4.63100        1.43300
     4.90829        4.67262        1.43300
     4.88902        4.71252        1.43300
     4.86586        4.75029        1.43300
     4.83904        4.78557        1.43300
     4.80884        4.81799        1.43300
     4.77555        4.84723        1.43300
     4.73951        4.87301        1.43300
     4.70107        4.89505        1.43300
     4.66063        4.91315        1.43300
     4.61858        4.92713        1.43300
     4.57534        4.93683        1.43300
     4.53136        4.94217        1.43300
     4.48706        4.94309        1.43300
     4.44289        4.93959        1.43300
     4.39929        4.93169        1.43300
     4.35669        4.91948        1.43300
     4.31553        4.90307        1.43300
     4.27621        4.88264        1.43300
     4.23913        4.85839        1.43300
     4.20465        4.83056        1.43300
     4.17313        4.79942        1.43300
     4.14487        4.76529        1.43300
     4.12016        4.72851        1.43300
     4.09924        4.68945        1.43300
     4.08233        4.64849        1.43300
     4.06959        4.60605        1.43300
     4.06116        4.56256        1.43300
     4.05710        4.51843        1.43300
     4.05748        4.47412        1.43300
     4.06227        4.43007        1.43300
     4.07144        4.38672        1.43300
     4.08489        4.34450        1.43300
     4.10248        4.30384        1.43300
     4.12405        4.26513        1.43300
     4.14938        4.22878        1.43300
     4.17821        4.19513        1.43300
     4.21025        4.16452        1.43300
     4.24519        4.13727        1.43300
     4.28268        4.11365        1.43300
     4.32233        4.09388        1.43300
     4.36377        4.07817        1.43300
     4.40656        4.06668        1.43300
     4.45028        4.05952        1.43300
     4.49451        4.05675        1.43300
     4.53879        4.05842        1.43300
     4.58268        4.06450        1.43300
     4.62574        4.07493        1.43300
     4.66755        4.08960        1.43300
     4.70768        4.10838        1.43300
     4.74574        4.13107        1.43300
     4.78135        4.15745        1.43300
     4.81414        4.18725        1.43300
     4.84379        4.22017        1.43300
     4.87001        4.25589        1.43300
     4.89253        4.29405        1.43300
     4.91113        4.33427        1.43300
     4.92562        4.37614        1.43300
     4.93586        4.41925        1.43300
     4.94175        4.46317        1.43300

     5.08413        4.50000        1.38159
     5.08121        4.55832        1.38159
     5.07248        4.61605        1.38159
     5.05804        4.67262        1.38159
     5.03802        4.72747        1.38159
     5.01262        4.78005        1.38159
     4.98210        4.82982        1.38159
     4.94677        4.87631        1.38159
     4.90697        4.91903        1.38159
     4.86310        4.95756        1.38159
     4.81561        4.99153        1.38159
     4.76496        5.02058        1.38159
     4.71166        5.04443        1.38159
     4.65625        5.06284        1.38159
     4.59928        5.07563        1.38159
     4.54132        5.08266        1.38159
     4.48294        5.08388        1.38159
     4.42474        5.07926        1.38159
     4.36729        5.06885        1.38159
     4.31116        5.05276        1.38159
     4.25692        5.03115        1.38159
     4.20511        5.00422        1.38159
     4.15624        4.97226        1.38159
     4.11081        4.93559        1.38159
     4.06927        4.89456        1.38159
     4.03203        4.84958        1.38159
     3.99947        4.80112        1.38159
     3.97191        4.74964        1.38159
     3.94962        4.69568        1.38159
     3.93284        4.63975        1.38159
     3.92172        4.58243        1.38159
     3.91638        4.52429        1.38159
     3.91687        4.46590        1.38159
     3.92319        4.40786        1.38159
     3.93527        4.35073        1.38159
     3.95299        4.29510        1.38159
     3.97618        4.24151        1.38159
     4.00460        4.19051        1.38159
     4.03797        4.14260        1.38159
     4.07596        4.09826        1.38159
     4.11819        4.05793        1.38159
     4.16423        4.02202        1.38159
     4.21363        3.99089        1.38159
     4.26588        3.96484        1.38159
     4.32048        3.94414        1.38159
     4.37687        3.92900        1.38159
     4.43449        3.91956        1.38159
     4.49276        3.91592        1.38159
     4.55111        3.91811        1.38159
     4.60895        3.92612        1.38159
     4.66569        3.93987        1.38159
     4.72079        3.95921        1.38159
     4.77367        3.98395        1.38159
     4.82383        4.01385        1.38159
     4.87074        4.04861        1.38159
     4.91395        4.08787        1.38159
     4.95303        4.13126        1.38159
     4.98758        4.17833        1.38159
     5.01726        4.22861        1.38159
     5.04177        4.28161        1.38159
     5.06086        4.33679        1.38159
     5.07435        4.39359        1.38159
     5.08211        4.45147        1.38159

     5.21914        4.50000        1.31637
     5.21555        4.57179        1.31637
     5.20480        4.64287        1.31637
     5.18702        4.71252        1.31637
     5.16237        4.78005        1.31637
     5.13110        4.84477        1.31637
     5.09353        4.90606        1.31637
     5.05003        4.96328        1.31637
     5.00103        5.01588        1.31637
     4.94702        5.06332        1.31637
     4.88855        5.10513        1.31637
     4.82620        5.14090        1.31637
     4.76059        5.17027        1.31637
     4.69237        5.19293        1.31637
     4.62223        5.20867        1.31637
     4.55087        5.21734        1.31637
     4.47900        5.21883        1.31637
     4.40734        5.21314        1.31637
     4.33661        5.20033        1.31637
     4.26751        5.18052        1.31637
     4.20073        5.15391        1.31637
     4.13695        5.12077        1.31637
     4.07679        5.08142        1.31637
     4.02086        5.03627        1.31637
     3.96971        4.98575        1.31637
     3.92387        4.93038        1.31637
     3.88378        4.87072        1.31637
     3.84985        4.80735        1.31637
     3.82241        4.74090        1.31637
     3.80175        4.67205        1.31637
     3.78806        4.60148        1.31637
     3.78148        4.52990        1.31637
     3.78209        4.45802        1.31637
     3.78987        4.38656        1.31637
     3.80474        4.31623        1.31637
     3.82656        4.24774        1.31637
     3.85511        4.18177        1.31637
     3.89010        4.11897        1.31637
     3.93118        4.05999        1.31637
     3.97795        4.00540        1.31637
     4.02994        3.95575        1.31637
     4.08662        3.91155        1.31637
     4.14743        3.87322        1.31637
     4.21177        3.84115        1.31637
     4.27899        3.81567        1.31637
     4.34841        3.79702        1.31637
     4.41935        3.78540        1.31637
     4.49109        3.78092        1.31637
     4.56292        3.78362        1.31637
     4.63413        3.79348        1.31637
     4.70399        3.81040        1.31637
     4.77182        3.83421        1.31637
     4.83693        3.86467        1.31637
     4.89867        3.90148        1.31637
     4.95643        3.94428        1.31637
     5.00963        3.99262        1.31637
     5.05774        4.04603        1.31637
     5.10027        4.10398        1.31637
     5.13681        4.16589        1.31637
     5.16699        4.23113        1.31637
     5.19050        4.29906        1.31637
     5.20711        4.36900        1.31637
     5.21665        4.44025        1.31637

     5.34696        4.50000        1.23800
     5.34273        4.58456        1.23800
     5.33008        4.66827        1.23800
     5.30914        4.75029        1.23800
     5.28011        4.82982        1.23800
     5.24328        4.90606        1.23800
     5.19903        4.97823        1.23800
     5.14779        5.04563        1.23800
     5.09009        5.10757        1.23800
     5.02648        5.16345        1.23800
     4.95762        5.21270        1.23800
     4.88418        5.25482        1.23800
     4.80690        5.28940        1.23800
     4.72656        5.31610        1.23800
     4.64396        5.33464        1.23800
     4.55991        5.34484        1.23800
     4.47527        5.34660        1.23800
     4.39087        5.33990        1.23800
     4.30757        5.32481        1.23800
     4.22619        5.30148        1.23800
     4.14754        5.27014        1.23800
     4.07241        5.23111        1.23800
     4.00156        5.18477        1.23800
     3.93569        5.13159        1.23800
     3.87545        5.07209        1.23800
     3.82146        5.00688        1.23800
     3.77425        4.93661        1.23800
     3.73428        4.86198        1.23800
     3.70197        4.78372        1.23800
     3.67763        4.70264        1.23800
     3.66151        4.61952        1.23800
     3.65377        4.53522        1.23800
     3.65448        4.45056        1.23800
     3.66364        4.36640        1.23800
     3.68116        4.28357        1.23800
     3.70686        4.20290        1.23800
     3.74048        4.12520        1.23800
     3.78169        4.05125        1.23800
     3.83008        3.98178        1.23800
     3.88516        3.91749        1.23800
     3.94639        3.85902        1.23800
     4.01314        3.80695        1.23800
     4.08477        3.76181        1.23800
     4.16054        3.72404        1.23800
     4.23970        3.69403        1.23800
     4.32146        3.67207        1.23800
     4.40501        3.65838        1.23800
     4.48951        3.65310        1.23800
     4.57411        3.65628        1.23800
     4.65797        3.66790        1.23800
     4.74025        3.68783        1.23800
     4.82013        3.71587        1.23800
     4.89682        3.75175        1.23800
     4.96953        3.79510        1.23800
     5.03756        3.84550        1.23800
     5.10022        3.90243        1.23800
     5.15688        3.96534        1.23800
     5.20697        4.03359        1.23800
     5.25000        4.10650        1.23800
     5.28554        4.18334        1.23800
     5.31323        4.26335        1.23800
     5.33279        4.34571        1.23800
     5.34403        4.42963        1.23800

     5.46633        4.50000        1.14726
     5.46150        4.59647        1.14726
     5.44706        4.69198        1.14726
     5.42317        4.78557        1.14726
     5.39005        4.87631        1.14726
     5.34803        4.96328        1.14726
     5.29754        5.04563        1.14726
     5.23909        5.12252        1.14726
     5.17325        5.19320        1.14726
     5.10068        5.25695        1.14726
     5.02211        5.31314        1.14726
     4.93832        5.36120        1.14726
     4.85016        5.40065        1.14726
     4.75849        5.43111        1.14726
     4.66424        5.45227        1.14726
     4.56836        5.46391        1.14726
     4.47178        5.46591        1.14726
     4.37549        5.45827        1.14726
     4.28045        5.44105        1.14726
     4.18760        5.41443        1.14726
     4.09787        5.37868        1.14726
     4.01215        5.33414        1.14726
     3.93132        5.28127        1.14726
     3.85616        5.22059        1.14726
     3.78744        5.15272        1.14726
     3.72583        5.07832        1.14726
     3.67197        4.99814        1.14726
     3.62637        4.91299        1.14726
     3.58951        4.82371        1.14726
     3.56174        4.73119        1.14726
     3.54334        4.63637        1.14726
     3.53451        4.54018        1.14726
     3.53532        4.44359        1.14726
     3.54577        4.34757        1.14726
     3.56576        4.25306        1.14726
     3.59508        4.16103        1.14726
     3.63344        4.07238        1.14726
     3.68046        3.98801        1.14726
     3.73567        3.90875        1.14726
     3.79851        3.83539        1.14726
     3.86837        3.76868        1.14726
     3.94453        3.70928        1.14726
     4.02625        3.65777        1.14726
     4.11270        3.61468        1.14726
     4.20302        3.58044        1.14726
     4.29630        3.55539        1.14726
     4.39162        3.53977        1.14726
     4.48803        3.53375        1.14726
     4.58455        3.53738        1.14726
     4.68023        3.55063        1.14726
     4.77411        3.57337        1.14726
     4.86525        3.60536        1.14726
     4.95274        3.64629        1.14726
     5.03571        3.69576        1.14726
     5.11332        3.75326        1.14726
     5.18481        3.81822        1.14726
     5.24945        3.88999        1.14726
     5.30661        3.96786        1.14726
     5.35570        4.05104        1.14726
     5.39625        4.13871        1.14726
     5.42784        4.22999        1.14726
     5.45016        4.32397        1.14726
     5.46299        4.41971        1.14726

     5.57603        4.50000        1.04506
     5.57066        4.60742        1.04506
     5.55459        4.71377        1.04506
     5.52797        4.81799        1.04506
     5.49109        4.91903        1.04506
     5.44431        5.01588        1.04506
     5.38809        5.10757        1.04506
     5.32300        5.19320        1.04506
     5.24968        5.27190        1.04506
     5.16887        5.34289        1.04506
     5.08138        5.40545        1.04506
     4.98808        5.45897        1.04506
     4.88991        5.50291        1.04506
     4.78784        5.53682        1.04506
     4.68289        5.56038        1.04506
     4.57612        5.57334        1.04506
     4.46858        5.57558        1.04506
     4.36136        5.56707        1.04506
     4.25552        5.54789        1.04506
     4.15213        5.51825        1.04506
     4.05221        5.47844        1.04506
     3.95677        5.42884        1.04506
     3.86675        5.36997        1.04506
     3.78306        5.30240        1.04506
     3.70654        5.22682        1.04506
     3.63794        5.14398        1.04506
     3.57796        5.05470        1.04506
     3.52719        4.95988        1.04506
     3.48614        4.86046        1.04506
     3.45522        4.75744        1.04506
     3.43473        4.65185        1.04506
     3.42490        4.54474        1.04506
     3.42580        4.43719        1.04506
     3.43744        4.33026        1.04506
     3.45969        4.22503        1.04506
     3.49234        4.12255        1.04506
     3.53506        4.02383        1.04506
     3.58742        3.92988        1.04506
     3.64889        3.84162        1.04506
     3.71887        3.75994        1.04506
     3.79666        3.68565        1.04506
     3.88147        3.61951        1.04506
     3.97246        3.56215        1.04506
     4.06873        3.51417        1.04506
     4.16930        3.47604        1.04506
     4.27318        3.44814        1.04506
     4.37932        3.43075        1.04506
     4.48667        3.42405        1.04506
     4.59415        3.42809        1.04506
     4.70069        3.44285        1.04506
     4.80523        3.46816        1.04506
     4.90672        3.50379        1.04506
     5.00414        3.54937        1.04506
     5.09653        3.60445        1.04506
     5.18295        3.66848        1.04506
     5.26255        3.74081        1.04506
     5.33454        3.82074        1.04506
     5.39818        3.90744        1.04506
     5.45285        4.00007        1.04506
     5.49800        4.09770        1.04506
     5.53318        4.19934        1.04506
     5.55803        4.30399        1.04506
     5.57231        4.41059        1.04506

     5.67499        4.50000        0.93241
     5.66912        4.61730        0.93241
     5.65157        4.73343        0.93241
     5.62251        4.84723        0.93241
     5.58224        4.95756        0.93241
     5.53115        5.06332        0.93241
     5.46976        5.16345        0.93241
     5.39868        5.25695        0.93241
     5.31862        5.34289        0.93241
     5.23039        5.42040        0.93241
     5.13485        5.48872        0.93241
     5.03297        5.54716        0.93241
     4.92577        5.59514        0.93241
     4.81431        5.63217        0.93241
     4.69971        5.65789        0.93241
     4.58312        5.67205        0.93241
     4.46569        5.67449        0.93241
     4.34861        5.66520        0.93241
     4.23304        5.64426        0.93241
     4.12014        5.61189        0.93241
     4.01103        5.56842        0.93241
     3.90681        5.51426        0.93241
     3.80852        5.44998        0.93241
     3.71713        5.37620        0.93241
     3.63357        5.29366        0.93241
     3.55866        5.20320        0.93241
     3.49316        5.10571        0.93241
     3.43772        5.00217        0.93241
     3.39290        4.89361        0.93241
     3.35913        4.78112        0.93241
     3.33677        4.66581        0.93241
     3.32603        4.54886        0.93241
     3.32701        4.43141        0.93241
     3.33972        4.31465        0.93241
     3.36402        4.19974        0.93241
     3.39967        4.08783        0.93241
     3.44632        3.98004        0.93241
     3.50349        3.87745        0.93241
     3.57062        3.78107        0.93241
     3.64704        3.69188        0.93241
     3.73198        3.61076        0.93241
     3.82459        3.53853        0.93241
     3.92395        3.47591        0.93241
     4.02906        3.42351        0.93241
     4.13889        3.38188        0.93241
     4.25232        3.35141        0.93241
     4.36822        3.33242        0.93241
     4.48544        3.32510        0.93241
     4.60281        3.32952        0.93241
     4.71915        3.34563        0.93241
     4.83330        3.37327        0.93241
     4.94412        3.41218        0.93241
     5.05050        3.46195        0.93241
     5.15138        3.52209        0.93241
     5.24576        3.59201        0.93241
     5.33268        3.67100        0.93241
     5.41128        3.75827        0.93241
     5.48078        3.85295        0.93241
     5.54048        3.95410        0.93241
     5.58978        4.06070        0.93241
     5.62819        4.17169        0.93241
     5.65533        4.28596        0.93241
     5.67093        4.40237        0.93241

     5.76221        4.50000        0.81045
     5.75590        4.62601        0.81045
     5.73705        4.75076        0.81045
     5.70583        4.87301        0.81045
     5.66257        4.99153        0.81045
     5.60769        5.10513        0.81045
     5.54174        5.21270        0.81045
     5.46539        5.31314        0.81045
     5.37939        5.40545        0.81045
     5.28460        5.48872        0.81045
     5.18197        5.56211        0.81045
     5.07253        5.62489        0.81045
     4.95737        5.67643        0.81045
     4.83764        5.71621        0.81045
     4.71453        5.74384        0.81045
     4.58928        5.75904        0.81045
     4.46314        5.76167        0.81045
     4.33737        5.75169        0.81045
     4.21322        5.72920        0.81045
     4.09194        5.69443        0.81045
     3.97474        5.64772        0.81045
     3.86278        5.58955        0.81045
     3.75719        5.52049        0.81045
     3.65902        5.44123        0.81045
     3.56926        5.35257        0.81045
     3.48879        5.25540        0.81045
     3.41843        5.15067        0.81045
     3.35887        5.03944        0.81045
     3.31072        4.92282        0.81045
     3.27445        4.80198        0.81045
     3.25043        4.67812        0.81045
     3.23889        4.55248        0.81045
     3.23995        4.42632        0.81045
     3.25360        4.30089        0.81045
     3.27970        4.17745        0.81045
     3.31800        4.05724        0.81045
     3.36811        3.94145        0.81045
     3.42952        3.83124        0.81045
     3.50164        3.72771        0.81045
     3.58372        3.63190        0.81045
     3.67497        3.54476        0.81045
     3.77445        3.46717        0.81045
     3.88119        3.39989        0.81045
     3.99411        3.34361        0.81045
     4.11208        3.29888        0.81045
     4.23393        3.26616        0.81045
     4.35844        3.24576        0.81045
     4.48436        3.23789        0.81045
     4.61044        3.24263        0.81045
     4.73542        3.25994        0.81045
     4.85804        3.28964        0.81045
     4.97709        3.33143        0.81045
     5.09136        3.38490        0.81045
     5.19973        3.44951        0.81045
     5.30111        3.52461        0.81045
     5.39449        3.60946        0.81045
     5.47892        3.70321        0.81045
     5.55358        3.80492        0.81045
     5.61771        3.91358        0.81045
     5.67067        4.02809        0.81045
     5.71193        4.14732        0.81045
     5.74109        4.27007        0.81045
     5.75784        4.39512        0.81045

     5.83681        4.50000        0.68039
     5.83013        4.63346        0.68039
     5.81016        4.76558        0.68039
     5.77710        4.89505        0.68039
     5.73128        5.02058        0.68039
     5.67316        5.14090        0.68039
     5.60332        5.25482        0.68039
     5.52245        5.36120        0.68039
     5.43137        5.45897        0.68039
     5.33098        5.54716        0.68039
     5.22228        5.62489        0.68039
     5.10637        5.69138        0.68039
     4.98440        5.74596        0.68039
     4.85760        5.78810        0.68039
     4.72721        5.81736        0.68039
     4.59456        5.83346        0.68039
     4.46097        5.83624        0.68039
     4.32776        5.82567        0.68039
     4.19627        5.80185        0.68039
     4.06782        5.76502        0.68039
     3.94369        5.71556        0.68039
     3.82512        5.65395        0.68039
     3.71329        5.58081        0.68039
     3.60931        5.49687        0.68039
     3.51424        5.40297        0.68039
     3.42902        5.30004        0.68039
     3.35450        5.18913        0.68039
     3.29143        5.07133        0.68039
     3.24043        4.94782        0.68039
     3.20201        4.81983        0.68039
     3.17657        4.68865        0.68039
     3.16435        4.55559        0.68039
     3.16547        4.42196        0.68039
     3.17993        4.28912        0.68039
     3.20757        4.15839        0.68039
     3.24813        4.03107        0.68039
     3.30120        3.90843        0.68039
     3.36625        3.79171        0.68039
     3.44263        3.68206        0.68039
     3.52957        3.58059        0.68039
     3.62620        3.48830        0.68039
     3.73157        3.40612        0.68039
     3.84461        3.33487        0.68039
     3.96421        3.27526        0.68039
     4.08915        3.22789        0.68039
     4.21821        3.19323        0.68039
     4.35007        3.17162        0.68039
     4.48344        3.16329        0.68039
     4.61697        3.16832        0.68039
     4.74933        3.18665        0.68039
     4.87920        3.21810        0.68039
     5.00528        3.26236        0.68039
     5.12632        3.31899        0.68039
     5.24109        3.38742        0.68039
     5.34846        3.46696        0.68039
     5.44736        3.55683        0.68039
     5.53679        3.65612        0.68039
     5.61585        3.76384        0.68039
     5.68377        3.87891        0.68039
     5.73986        4.00020        0.68039
     5.78357        4.12647        0.68039
     5.81444        4.25648        0.68039
     5.83219        4.38893        0.68039

     5.89806        4.50000        0.54354
     5.89107        4.63957        0.54354
     5.87019        4.77775        0.54354
     5.83562        4.91315        0.54354
     5.78770        5.04443        0.54354
     5.72691        5.17027        0.54354
     5.65387        5.28940        0.54354
     5.56929        5.40065        0.54354
     5.47404        5.50291        0.54354
     5.36905        5.59514        0.54354
     5.25537        5.67643        0.54354
     5.13415        5.74596        0.54354
     5.00660        5.80305        0.54354
     4.87398        5.84711        0.54354
     4.73762        5.87772        0.54354
     4.59889        5.89456        0.54354
     4.45918        5.89746        0.54354
     4.31987        5.88641        0.54354
     4.18236        5.86150        0.54354
     4.04802        5.82298        0.54354
     3.91820        5.77125        0.54354
     3.79420        5.70682        0.54354
     3.67724        5.63033        0.54354
     3.56851        5.54254        0.54354
     3.46908        5.44434        0.54354
     3.37995        5.33670        0.54354
     3.30202        5.22070        0.54354
     3.23605        5.09750        0.54354
     3.18272        4.96833        0.54354
     3.14254        4.83448        0.54354
     3.11593        4.69729        0.54354
     3.10315        4.55813        0.54354
     3.10433        4.41839        0.54354
     3.11945        4.27946        0.54354
     3.14836        4.14274        0.54354
     3.19078        4.00958        0.54354
     3.24628        3.88133        0.54354
     3.31431        3.75926        0.54354
     3.39418        3.64459        0.54354
     3.48510        3.53846        0.54354
     3.58617        3.44195        0.54354
     3.69636        3.35600        0.54354
     3.81459        3.28149        0.54354
     3.93966        3.21915        0.54354
     4.07033        3.16960        0.54354
     4.20530        3.13336        0.54354
     4.34320        3.11076        0.54354
     4.48268        3.10205        0.54354
     4.62233        3.10730        0.54354
     4.76076        3.12647        0.54354
     4.89658        3.15937        0.54354
     5.02844        3.20566        0.54354
     5.15501        3.26488        0.54354
     5.27505        3.33644        0.54354
     5.38734        3.41963        0.54354
     5.49076        3.51361        0.54354
     5.58429        3.61745        0.54354
     5.66698        3.73011        0.54354
     5.73801        3.85046        0.54354
     5.79667        3.97730        0.54354
     5.84237        4.10936        0.54354
     5.87467        4.24533        0.54354
     5.89322        4.38384        0.54354

     5.94534        4.50000        0.40125
     5.93812        4.64429        0.40125
     5.91653        4.78714        0.40125
     5.88078        4.92713        0.40125
     5.83124        5.06284        0.40125
     5.76840        5.19293        0.40125
     5.69289        5.31610        0.40125
     5.60545        5.43111        0.40125
     5.50698        5.53682        0.40125
     5.39844        5.63217        0.40125
     5.28092        5.71621        0.40125
     5.15560        5.78810        0.40125
     5.02373        5.84711        0.40125
     4.88663        5.89267        0.40125
     4.74566        5.92431        0.40125
     4.60224        5.94172        0.40125
     4.45780        5.94472        0.40125
     4.31378        5.93329        0.40125
     4.17162        5.90754        0.40125
     4.03274        5.86772        0.40125
     3.89853        5.81424        0.40125
     3.77033        5.74763        0.40125
     3.64942        5.66855        0.40125
     3.53701        5.57780        0.40125
     3.43422        5.47627        0.40125
     3.34208        5.36499        0.40125
     3.26151        5.24507        0.40125
     3.19331        5.11771        0.40125
     3.13817        4.98417        0.40125
     3.09664        4.84580        0.40125
     3.06913        4.70397        0.40125
     3.05591        4.56010        0.40125
     3.05713        4.41563        0.40125
     3.07276        4.27200        0.40125
     3.10265        4.13066        0.40125
     3.14650        3.99300        0.40125
     3.20388        3.86041        0.40125
     3.27421        3.73421        0.40125
     3.35678        3.61566        0.40125
     3.45078        3.50595        0.40125
     3.55526        3.40617        0.40125
     3.66919        3.31731        0.40125
     3.79141        3.24028        0.40125
     3.92071        3.17583        0.40125
     4.05580        3.12461        0.40125
     4.19533        3.08714        0.40125
     4.33790        3.06378        0.40125
     4.48209        3.05477        0.40125
     4.62647        3.06021        0.40125
     4.76957        3.08002        0.40125
     4.90999        3.11403        0.40125
     5.04631        3.16189        0.40125
     5.17716        3.22311        0.40125
     5.30126        3.29709        0.40125
     5.41735        3.38309        0.40125
     5.52427        3.48026        0.40125
     5.62095        3.58761        0.40125
     5.70644        3.70407        0.40125
     5.77987        3.82849        0.40125
     5.84052        3.95962        0.40125
     5.88777        4.09615        0.40125
     5.92115        4.23671        0.40125
     5.94034        4.37991        0.40125

     5.97817        4.50000        0.25495
     5.97079        4.64757        0.25495
     5.94871        4.79367        0.25495
     5.91215        4.93683        0.25495
     5.86149        5.07563        0.25495
     5.79722        5.20867        0.25495
     5.71999        5.33464        0.25495
     5.63057        5.45227        0.25495
     5.52985        5.56038        0.25495
     5.41885        5.65789        0.25495
     5.29866        5.74384        0.25495
     5.17049        5.81736        0.25495
     5.03563        5.87772        0.25495
     4.89541        5.92431        0.25495
     4.75124        5.95667        0.25495
     4.60456        5.97447        0.25495
     4.45684        5.97754        0.25495
     4.30955        5.96585        0.25495
     4.16416        5.93952        0.25495
     4.02212        5.89880        0.25495
     3.88486        5.84410        0.25495
     3.75375        5.77597        0.25495
     3.63009        5.69510        0.25495
     3.51513        5.60228        0.25495
     3.41000        5.49845        0.25495
     3.31577        5.38465        0.25495
     3.23337        5.26200        0.25495
     3.16362        5.13174        0.25495
     3.10723        4.99517        0.25495
     3.06475        4.85365        0.25495
     3.03662        4.70860        0.25495
     3.02310        4.56146        0.25495
     3.02435        4.41371        0.25495
     3.04033        4.26682        0.25495
     3.07090        4.12227        0.25495
     3.11575        3.98148        0.25495
     3.17443        3.84588        0.25495
     3.24636        3.71681        0.25495
     3.33081        3.59557        0.25495
     3.42695        3.48336        0.25495
     3.53380        3.38131        0.25495
     3.65031        3.29044        0.25495
     3.77531        3.21166        0.25495
     3.90755        3.14575        0.25495
     4.04571        3.09337        0.25495
     4.18841        3.05504        0.25495
     4.33422        3.03115        0.25495
     4.48169        3.02194        0.25495
     4.62934        3.02749        0.25495
     4.77570        3.04776        0.25495
     4.91930        3.08254        0.25495
     5.05872        3.13148        0.25495
     5.19255        3.19410        0.25495
     5.31946        3.26976        0.25495
     5.43819        3.35772        0.25495
     5.54754        3.45709        0.25495
     5.64642        3.56688        0.25495
     5.73385        3.68599        0.25495
     5.80895        3.81324        0.25495
     5.87098        3.94735        0.25495
     5.91930        4.08698        0.25495
     5.95344        4.23073        0.25495
     5.97306        4.37718        0.25495

     5.99624        4.50000        0.10611
     5.98877        4.64937        0.10611
     5.96642        4.79726        0.10611
     5.92942        4.94217        0.10611
     5.87813        5.08266        0.10611
     5.81308        5.21734        0.10611
     5.73490        5.34484        0.10611
     5.64439        5.46391        0.10611
     5.54244        5.57334        0.10611
     5.43008        5.67205        0.10611
     5.30842        5.75904        0.10611
     5.17869        5.83346        0.10611
     5.04218        5.89456        0.10611
     4.90024        5.94172        0.10611
     4.75431        5.97447        0.10611
     4.60584        5.99249        0.10611
     4.45631        5.99560        0.10611
     4.30722        5.98377        0.10611
     4.16005        5.95711        0.10611
     4.01628        5.91589        0.10611
     3.87734        5.86053        0.10611
     3.74463        5.79157        0.10611
     3.61946        5.70971        0.10611
     3.50309        5.61576        0.10611
     3.39668        5.51066        0.10611
     3.30129        5.39546        0.10611
     3.21789        5.27132        0.10611
     3.14729        5.13946        0.10611
     3.09021        5.00122        0.10611
     3.04721        4.85798        0.10611
     3.01873        4.71115        0.10611
     3.00505        4.56221        0.10611
     3.00631        4.41266        0.10611
     3.02249        4.26397        0.10611
     3.05344        4.11765        0.10611
     3.09883        3.97514        0.10611
     3.15823        3.83788        0.10611
     3.23104        3.70724        0.10611
     3.31652        3.58451        0.10611
     3.41383        3.47094        0.10611
     3.52199        3.36764        0.10611
     3.63992        3.27566        0.10611
     3.76645        3.19591        0.10611
     3.90031        3.12919        0.10611
     4.04016        3.07617        0.10611
     4.18460        3.03738        0.10611
     4.33219        3.01320        0.10611
     4.48146        3.00387        0.10611
     4.63092        3.00950        0.10611
     4.77907        3.03001        0.10611
     4.92443        3.06522        0.10611
     5.06555        3.11476        0.10611
     5.20101        3.17814        0.10611
     5.32948        3.25473        0.10611
     5.44965        3.34376        0.10611
     5.56034        3.44434        0.10611
     5.66043        3.55547        0.10611
     5.74893        3.67604        0.10611
     5.82495        3.80484        0.10611
     5.88773        3.94059        0.10611
     5.93665        4.08193        0.10611
     5.97121        4.22744        0.10611
     5.99107        4.37568        0.10611

