           t           x           y          vx          vy
     0.01000     1.00000     1.00000     0.10000     0.10000
     0.01100     1.00010     1.00010     0.10000     0.10000
     0.01200     1.00020     1.00020     0.10000     0.10000
     0.01300     1.00030     1.00030     0.10000     0.10000
     0.01400     1.00040     1.00040     0.10000     0.10000
     0.01500     1.00050     1.00050     0.10000     0.10000
     0.01600     1.00060     1.00060     0.10000     0.10000
     0.01700     1.00070     1.00070     0.10000     0.10000
     0.01800     1.00080     1.00080     0.10000     0.10000
     0.01900     1.00090     1.00090     0.10000     0.10000
     0.02000     1.00100     1.00100     0.10000     0.10000
     0.02100     1.00110     1.00110     0.10000     0.10000
     0.02200     1.00120     1.00120     0.10000     0.10000
     0.02300     1.00130     1.00130     0.10000     0.10000
     0.02400     1.00140     1.00140     0.10000     0.10000
     0.02500     1.00150     1.00150     0.10000     0.10000
     0.02600     1.00160     1.00160     0.10000     0.10000
     0.02700     1.00170     1.00170     0.10000     0.10000
     0.02800     1.00180     1.00180     0.10000     0.10000
     0.02900     1.00190     1.00190     0.10000     0.10000
     0.03000     1.00200     1.00200     0.10000     0.10000
     0.03100     1.00210     1.00210     0.10000     0.10000
     0.03200     1.00220     1.00220     0.10000     0.10000
     0.03300     1.00230     1.00230     0.10000     0.10000
     0.03400     1.00240     1.00240     0.10000     0.10000
     0.03500     1.00250     1.00250     0.10000     0.10000
     0.03600     1.00260     1.00260     0.10000     0.10000
     0.03700     1.00270     1.00270     0.10000     0.10000
     0.03800     1.00280     1.00280     0.10000     0.10000
     0.03900     1.00290     1.00290     0.10000     0.10000
     0.04000     1.00300     1.00300     0.10000     0.10000
     0.04100     1.00310     1.00310     0.10000     0.10000
     0.04200     1.00320     1.00320     0.10000     0.10000
     0.04300     1.00330     1.00330     0.10000     0.10000
     0.04400     1.00340     1.00340     0.10000     0.10000
     0.04500     1.00350     1.00350     0.10000     0.10000
     0.04600     1.00360     1.00360     0.10000     0.10000
     0.04700     1.00370     1.00370     0.10000     0.10000
     0.04800     1.00380     1.00380     0.10000     0.10000
     0.04900     1.00390     1.00390     0.10000     0.10000
     0.05000     1.00400     1.00400     0.10000     0.10000
     0.05100     1.00410     1.00410     0.10000     0.10000
     0.05200     1.00420     1.00420     0.10000     0.10000
     0.05300     1.00430     1.00430     0.10000     0.10000
     0.05400     1.00440     1.00440     0.10000     0.10000
     0.05500     1.00450     1.00450     0.10000     0.10000
     0.05600     1.00460     1.00460     0.10000     0.10000
     0.05700     1.00470     1.00470     0.10000     0.10000
     0.05800     1.00480     1.00480     0.10000     0.10000
     0.05900     1.00490     1.00490     0.10000     0.10000
     0.06000     1.00500     1.00500     0.10000     0.10000
     0.06100     1.00510     1.00510     0.10000     0.10000
     0.06200     1.00520     1.00520     0.10000     0.10000
     0.06300     1.00530     1.00530     0.10000     0.10000
     0.06400     1.00540     1.00540     0.10000     0.10000
     0.06500     1.00550     1.00550     0.10000     0.10000
     0.06600     1.00560     1.00560     0.10000     0.10000
     0.06700     1.00570     1.00570     0.10000     0.10000
     0.06800     1.00580     1.00580     0.10000     0.10000
     0.06900     1.00590     1.00590     0.10000     0.10000
     0.07000     1.00600     1.00600     0.10000     0.10000
     0.07100     1.00610     1.00610     0.10000     0.10000
     0.07200     1.00620     1.00620     0.10000     0.10000
     0.07300     1.00630     1.00630     0.10000     0.10000
     0.07400     1.00640     1.00640     0.10000     0.10000
     0.07500     1.00650     1.00650     0.10000     0.10000
     0.07600     1.00660     1.00660     0.10000     0.10000
     0.07700     1.00670     1.00670     0.10000     0.10000
     0.07800     1.00680     1.00680     0.10000     0.10000
     0.07900     1.00690     1.00690     0.10000     0.10000
     0.08000     1.00700     1.00700     0.10000     0.10000
     0.08100     1.00710     1.00710     0.10000     0.10000
     0.08200     1.00720     1.00720     0.10000     0.10000
     0.08300     1.00730     1.00730     0.10000     0.10000
     0.08400     1.00740     1.00740     0.10000     0.10000
     0.08500     1.00750     1.00750     0.10000     0.10000
     0.08600     1.00760     1.00760     0.10000     0.10000
     0.08700     1.00770     1.00770     0.10000     0.10000
     0.08800     1.00780     1.00780     0.10000     0.10000
     0.08900     1.00790     1.00790     0.10000     0.10000
     0.09000     1.00800     1.00800     0.10000     0.10000
     0.09100     1.00810     1.00810     0.10000     0.10000
     0.09200     1.00820     1.00820     0.10000     0.10000
     0.09300     1.00830     1.00830     0.10000     0.10000
     0.09400     1.00840     1.00840     0.10000     0.10000
     0.09500     1.00850     1.00850     0.10000     0.10000
     0.09600     1.00860     1.00860     0.10000     0.10000
     0.09700     1.00870     1.00870     0.10000     0.10000
     0.09800     1.00880     1.00880     0.10000     0.10000
     0.09900     1.00890     1.00890     0.10000     0.10000
     0.10000     1.00900     1.00900     0.10000     0.10000
     0.10100     1.00910     1.00910     0.10000     0.10000
     0.10200     1.00920     1.00920     0.10000     0.10000
     0.10300     1.00930     1.00930     0.10000     0.10000
     0.10400     1.00940     1.00940     0.10000     0.10000
     0.10500     1.00950     1.00950     0.10000     0.10000
     0.10600     1.00960     1.00960     0.10000     0.10000
     0.10700     1.00970     1.00970     0.10000     0.10000
     0.10800     1.00980     1.00980     0.10000     0.10000
     0.10900     1.00990     1.00990     0.10000     0.10000
     0.11000     1.01000     1.01000     0.10000     0.10000
     0.11100     1.01010     1.01010     0.10000     0.10000
     0.11200     1.01020     1.01020     0.10000     0.10000
     0.11300     1.01030     1.01030     0.10000     0.10000
     0.11400     1.01040     1.01040     0.10000     0.10000
     0.11500     1.01050     1.01050     0.10000     0.10000
     0.11600     1.01060     1.01060     0.10000     0.10000
     0.11700     1.01070     1.01070     0.10000     0.10000
     0.11800     1.01080     1.01080     0.10000     0.10000
     0.11900     1.01090     1.01090     0.10000     0.10000
     0.12000     1.01100     1.01100     0.10000     0.10000
     0.12100     1.01110     1.01110     0.10000     0.10000
     0.12200     1.01120     1.01120     0.10000     0.10000
     0.12300     1.01130     1.01130     0.10000     0.10000
     0.12400     1.01140     1.01140     0.10000     0.10000
     0.12500     1.01150     1.01150     0.10000     0.10000
     0.12600     1.01160     1.01160     0.10000     0.10000
     0.12700     1.01170     1.01170     0.10000     0.10000
     0.12800     1.01180     1.01180     0.10000     0.10000
     0.12900     1.01190     1.01190     0.10000     0.10000
     0.13000     1.01200     1.01200     0.10000     0.10000
     0.13100     1.01210     1.01210     0.10000     0.10000
     0.13200     1.01220     1.01220     0.10000     0.10000
     0.13300     1.01230     1.01230     0.10000     0.10000
     0.13400     1.01240     1.01240     0.10000     0.10000
     0.13500     1.01250     1.01250     0.10000     0.10000
     0.13600     1.01260     1.01260     0.10000     0.10000
     0.13700     1.01270     1.01270     0.10000     0.10000
     0.13800     1.01280     1.01280     0.10000     0.10000
     0.13900     1.01290     1.01290     0.10000     0.10000
     0.14000     1.01300     1.01300     0.10000     0.10000
     0.14100     1.01310     1.01310     0.10000     0.10000
     0.14200     1.01320     1.01320     0.10000     0.10000
     0.14300     1.01330     1.01330     0.10000     0.10000
     0.14400     1.01340     1.01340     0.10000     0.10000
     0.14500     1.01350     1.01350     0.10000     0.10000
     0.14600     1.01360     1.01360     0.10000     0.10000
     0.14700     1.01370     1.01370     0.10000     0.10000
     0.14800     1.01380     1.01380     0.10000     0.10000
     0.14900     1.01390     1.01390     0.10000     0.10000
     0.15000     1.01400     1.01400     0.10000     0.10000
     0.15100     1.01410     1.01410     0.10000     0.10000
     0.15200     1.01420     1.01420     0.10000     0.10000
     0.15300     1.01430     1.01430     0.10000     0.10000
     0.15400     1.01440     1.01440     0.10000     0.10000
     0.15500     1.01450     1.01450     0.10000     0.10000
     0.15600     1.01460     1.01460     0.10000     0.10000
     0.15700     1.01470     1.01470     0.10000     0.10000
     0.15800     1.01480     1.01480     0.10000     0.10000
     0.15900     1.01490     1.01490     0.10000     0.10000
     0.16000     1.01500     1.01500     0.10000     0.10000
     0.16100     1.01510     1.01510     0.10000     0.10000
     0.16200     1.01520     1.01520     0.10000     0.10000
     0.16300     1.01530     1.01530     0.10000     0.10000
     0.16400     1.01540     1.01540     0.10000     0.10000
     0.16500     1.01550     1.01550     0.10000     0.10000
     0.16600     1.01560     1.01560     0.10000     0.10000
     0.16700     1.01570     1.01570     0.10000     0.10000
     0.16800     1.01580     1.01580     0.10000     0.10000
     0.16900     1.01590     1.01590     0.10000     0.10000
     0.17000     1.01600     1.01600     0.10000     0.10000
     0.17100     1.01610     1.01610     0.10000     0.10000
     0.17200     1.01620     1.01620     0.10000     0.10000
     0.17300     1.01630     1.01630     0.10000     0.10000
     0.17400     1.01640     1.01640     0.10000     0.10000
     0.17500     1.01650     1.01650     0.10000     0.10000
     0.17600     1.01660     1.01660     0.10000     0.10000
     0.17700     1.01670     1.01670     0.10000     0.10000
     0.17800     1.01680     1.01680     0.10000     0.10000
     0.17900     1.01690     1.01690     0.10000     0.10000
     0.18000     1.01700     1.01700     0.10000     0.10000
     0.18100     1.01710     1.01710     0.10000     0.10000
     0.18200     1.01720     1.01720     0.10000     0.10000
     0.18300     1.01730     1.01730     0.10000     0.10000
     0.18400     1.01740     1.01740     0.10000     0.10000
     0.18500     1.01750     1.01750     0.10000     0.10000
     0.18600     1.01760     1.01760     0.10000     0.10000
     0.18700     1.01770     1.01770     0.10000     0.10000
     0.18800     1.01780     1.01780     0.10000     0.10000
     0.18900     1.01790     1.01790     0.10000     0.10000
     0.19000     1.01800     1.01800     0.10000     0.10000
     0.19100     1.01810     1.01810     0.10000     0.10000
     0.19200     1.01820     1.01820     0.10000     0.10000
     0.19300     1.01830     1.01830     0.10000     0.10000
     0.19400     1.01840     1.01840     0.10000     0.10000
     0.19500     1.01850     1.01850     0.10000     0.10000
     0.19600     1.01860     1.01860     0.10000     0.10000
     0.19700     1.01870     1.01870     0.10000     0.10000
     0.19800     1.01880     1.01880     0.10000     0.10000
     0.19900     1.01890     1.01890     0.10000     0.10000
     0.20000     1.01900     1.01900     0.10000     0.10000
     0.20100     1.01910     1.01910     0.10000     0.10000
     0.20200     1.01920     1.01920     0.10000     0.10000
     0.20300     1.01930     1.01930     0.10000     0.10000
     0.20400     1.01940     1.01940     0.10000     0.10000
     0.20500     1.01950     1.01950     0.10000     0.10000
     0.20600     1.01960     1.01960     0.10000     0.10000
     0.20700     1.01970     1.01970     0.10000     0.10000
     0.20800     1.01980     1.01980     0.10000     0.10000
     0.20900     1.01990     1.01990     0.10000     0.10000
     0.21000     1.02000     1.02000     0.10000     0.10000
     0.21100     1.02010     1.02010     0.10000     0.10000
     0.21200     1.02020     1.02020     0.10000     0.10000
     0.21300     1.02030     1.02030     0.10000     0.10000
     0.21400     1.02040     1.02040     0.10000     0.10000
     0.21500     1.02050     1.02050     0.10000     0.10000
     0.21600     1.02060     1.02060     0.10000     0.10000
     0.21700     1.02070     1.02070     0.10000     0.10000
     0.21800     1.02080     1.02080     0.10000     0.10000
     0.21900     1.02090     1.02090     0.10000     0.10000
     0.22000     1.02100     1.02100     0.10000     0.10000
     0.22100     1.02110     1.02110     0.10000     0.10000
     0.22200     1.02120     1.02120     0.10000     0.10000
     0.22300     1.02130     1.02130     0.10000     0.10000
     0.22400     1.02140     1.02140     0.10000     0.10000
     0.22500     1.02150     1.02150     0.10000     0.10000
     0.22600     1.02160     1.02160     0.10000     0.10000
     0.22700     1.02170     1.02170     0.10000     0.10000
     0.22800     1.02180     1.02180     0.10000     0.10000
     0.22900     1.02190     1.02190     0.10000     0.10000
     0.23000     1.02200     1.02200     0.10000     0.10000
     0.23100     1.02210     1.02210     0.10000     0.10000
     0.23200     1.02220     1.02220     0.10000     0.10000
     0.23300     1.02230     1.02230     0.10000     0.10000
     0.23400     1.02240     1.02240     0.10000     0.10000
     0.23500     1.02250     1.02250     0.10000     0.10000
     0.23600     1.02260     1.02260     0.10000     0.10000
     0.23700     1.02270     1.02270     0.10000     0.10000
     0.23800     1.02280     1.02280     0.10000     0.10000
     0.23900     1.02290     1.02290     0.10000     0.10000
     0.24000     1.02300     1.02300     0.10000     0.10000
     0.24100     1.02310     1.02310     0.10000     0.10000
     0.24200     1.02320     1.02320     0.10000     0.10000
     0.24300     1.02330     1.02330     0.10000     0.10000
     0.24400     1.02340     1.02340     0.10000     0.10000
     0.24500     1.02350     1.02350     0.10000     0.10000
     0.24600     1.02360     1.02360     0.10000     0.10000
     0.24700     1.02370     1.02370     0.10000     0.10000
     0.24800     1.02380     1.02380     0.10000     0.10000
     0.24900     1.02390     1.02390     0.10000     0.10000
     0.25000     1.02400     1.02400     0.10000     0.10000
     0.25100     1.02410     1.02410     0.10000     0.10000
     0.25200     1.02420     1.02420     0.10000     0.10000
     0.25300     1.02430     1.02430     0.10000     0.10000
     0.25400     1.02440     1.02440     0.10000     0.10000
     0.25500     1.02450     1.02450     0.10000     0.10000
     0.25600     1.02460     1.02460     0.10000     0.10000
     0.25700     1.02470     1.02470     0.10000     0.10000
     0.25800     1.02480     1.02480     0.10000     0.10000
     0.25900     1.02490     1.02490     0.10000     0.10000
     0.26000     1.02500     1.02500     0.10000     0.10000
     0.26100     1.02510     1.02510     0.10000     0.10000
     0.26200     1.02520     1.02520     0.10000     0.10000
     0.26300     1.02530     1.02530     0.10000     0.10000
     0.26400     1.02540     1.02540     0.10000     0.10000
     0.26500     1.02550     1.02550     0.10000     0.10000
     0.26600     1.02560     1.02560     0.10000     0.10000
     0.26700     1.02570     1.02570     0.10000     0.10000
     0.26800     1.02580     1.02580     0.10000     0.10000
     0.26900     1.02590     1.02590     0.10000     0.10000
     0.27000     1.02600     1.02600     0.10000     0.10000
     0.27100     1.02610     1.02610     0.10000     0.10000
     0.27200     1.02620     1.02620     0.10000     0.10000
     0.27300     1.02630     1.02630     0.10000     0.10000
     0.27400     1.02640     1.02640     0.10000     0.10000
     0.27500     1.02650     1.02650     0.10000     0.10000
     0.27600     1.02660     1.02660     0.10000     0.10000
     0.27700     1.02670     1.02670     0.10000     0.10000
     0.27800     1.02680     1.02680     0.10000     0.10000
     0.27900     1.02690     1.02690     0.10000     0.10000
     0.28000     1.02700     1.02700     0.10000     0.10000
     0.28100     1.02710     1.02710     0.10000     0.10000
     0.28200     1.02720     1.02720     0.10000     0.10000
     0.28300     1.02730     1.02730     0.10000     0.10000
     0.28400     1.02740     1.02740     0.10000     0.10000
     0.28500     1.02750     1.02750     0.10000     0.10000
     0.28600     1.02760     1.02760     0.10000     0.10000
     0.28700     1.02770     1.02770     0.10000     0.10000
     0.28800     1.02780     1.02780     0.10000     0.10000
     0.28900     1.02790     1.02790     0.10000     0.10000
     0.29000     1.02800     1.02800     0.10000     0.10000
     0.29100     1.02810     1.02810     0.10000     0.10000
     0.29200     1.02820     1.02820     0.10000     0.10000
     0.29300     1.02830     1.02830     0.10000     0.10000
     0.29400     1.02840     1.02840     0.10000     0.10000
     0.29500     1.02850     1.02850     0.10000     0.10000
     0.29600     1.02860     1.02860     0.10000     0.10000
     0.29700     1.02870     1.02870     0.10000     0.10000
     0.29800     1.02880     1.02880     0.10000     0.10000
     0.29900     1.02890     1.02890     0.10000     0.10000
     0.30000     1.02900     1.02900     0.10000     0.10000
     0.30100     1.02910     1.02910     0.10000     0.10000
     0.30200     1.02920     1.02920     0.10000     0.10000
     0.30300     1.02930     1.02930     0.10000     0.10000
     0.30400     1.02940     1.02940     0.10000     0.10000
     0.30500     1.02950     1.02950     0.10000     0.10000
     0.30600     1.02960     1.02960     0.10000     0.10000
     0.30700     1.02970     1.02970     0.10000     0.10000
     0.30800     1.02980     1.02980     0.10000     0.10000
     0.30900     1.02990     1.02990     0.10000     0.10000
     0.31000     1.03000     1.03000     0.10000     0.10000
     0.31100     1.03010     1.03010     0.10000     0.10000
     0.31200     1.03020     1.03020     0.10000     0.10000
     0.31300     1.03030     1.03030     0.10000     0.10000
     0.31400     1.03040     1.03040     0.10000     0.10000
     0.31500     1.03050     1.03050     0.10000     0.10000
     0.31600     1.03060     1.03060     0.10000     0.10000
     0.31700     1.03070     1.03070     0.10000     0.10000
     0.31800     1.03080     1.03080     0.10000     0.10000
     0.31900     1.03090     1.03090     0.10000     0.10000
     0.32000     1.03100     1.03100     0.10000     0.10000
     0.32100     1.03110     1.03110     0.10000     0.10000
     0.32200     1.03120     1.03120     0.10000     0.10000
     0.32300     1.03130     1.03130     0.10000     0.10000
     0.32400     1.03140     1.03140     0.10000     0.10000
     0.32500     1.03150     1.03150     0.10000     0.10000
     0.32600     1.03160     1.03160     0.10000     0.10000
     0.32700     1.03170     1.03170     0.10000     0.10000
     0.32800     1.03180     1.03180     0.10000     0.10000
     0.32900     1.03190     1.03190     0.10000     0.10000
     0.33000     1.03200     1.03200     0.10000     0.10000
     0.33100     1.03210     1.03210     0.10000     0.10000
     0.33200     1.03220     1.03220     0.10000     0.10000
     0.33300     1.03230     1.03230     0.10000     0.10000
     0.33400     1.03240     1.03240     0.10000     0.10000
     0.33500     1.03250     1.03250     0.10000     0.10000
     0.33600     1.03260     1.03260     0.10000     0.10000
     0.33700     1.03270     1.03270     0.10000     0.10000
     0.33800     1.03280     1.03280     0.10000     0.10000
     0.33900     1.03290     1.03290     0.10000     0.10000
     0.34000     1.03300     1.03300     0.10000     0.10000
     0.34100     1.03310     1.03310     0.10000     0.10000
     0.34200     1.03320     1.03320     0.10000     0.10000
     0.34300     1.03330     1.03330     0.10000     0.10000
     0.34400     1.03340     1.03340     0.10000     0.10000
     0.34500     1.03350     1.03350     0.10000     0.10000
     0.34600     1.03360     1.03360     0.10000     0.10000
     0.34700     1.03370     1.03370     0.10000     0.10000
     0.34800     1.03380     1.03380     0.10000     0.10000
     0.34900     1.03390     1.03390     0.10000     0.10000
     0.35000     1.03400     1.03400     0.10000     0.10000
     0.35100     1.03410     1.03410     0.10000     0.10000
     0.35200     1.03420     1.03420     0.10000     0.10000
     0.35300     1.03430     1.03430     0.10000     0.10000
     0.35400     1.03440     1.03440     0.10000     0.10000
     0.35500     1.03450     1.03450     0.10000     0.10000
     0.35600     1.03460     1.03460     0.10000     0.10000
     0.35700     1.03470     1.03470     0.10000     0.10000
     0.35800     1.03480     1.03480     0.10000     0.10000
     0.35900     1.03490     1.03490     0.10000     0.10000
     0.36000     1.03500     1.03500     0.10000     0.10000
     0.36100     1.03510     1.03510     0.10000     0.10000
     0.36200     1.03520     1.03520     0.10000     0.10000
     0.36300     1.03530     1.03530     0.10000     0.10000
     0.36400     1.03540     1.03540     0.10000     0.10000
     0.36500     1.03550     1.03550     0.10000     0.10000
     0.36600     1.03560     1.03560     0.10000     0.10000
     0.36700     1.03570     1.03570     0.10000     0.10000
     0.36800     1.03580     1.03580     0.10000     0.10000
     0.36900     1.03590     1.03590     0.10000     0.10000
     0.37000     1.03600     1.03600     0.10000     0.10000
     0.37100     1.03610     1.03610     0.10000     0.10000
     0.37200     1.03620     1.03620     0.10000     0.10000
     0.37300     1.03630     1.03630     0.10000     0.10000
     0.37400     1.03640     1.03640     0.10000     0.10000
     0.37500     1.03650     1.03650     0.10000     0.10000
     0.37600     1.03660     1.03660     0.10000     0.10000
     0.37700     1.03670     1.03670     0.10000     0.10000
     0.37800     1.03680     1.03680     0.10000     0.10000
     0.37900     1.03690     1.03690     0.10000     0.10000
     0.38000     1.03700     1.03700     0.10000     0.10000
     0.38100     1.03710     1.03710     0.10000     0.10000
     0.38200     1.03720     1.03720     0.10000     0.10000
     0.38300     1.03730     1.03730     0.10000     0.10000
     0.38400     1.03740     1.03740     0.10000     0.10000
     0.38500     1.03750     1.03750     0.10000     0.10000
     0.38600     1.03760     1.03760     0.10000     0.10000
     0.38700     1.03770     1.03770     0.10000     0.10000
     0.38800     1.03780     1.03780     0.10000     0.10000
     0.38900     1.03790     1.03790     0.10000     0.10000
     0.39000     1.03800     1.03800     0.10000     0.10000
     0.39100     1.03810     1.03810     0.10000     0.10000
     0.39200     1.03820     1.03820     0.10000     0.10000
     0.39300     1.03830     1.03830     0.10000     0.10000
     0.39400     1.03840     1.03840     0.10000     0.10000
     0.39500     1.03850     1.03850     0.10000     0.10000
     0.39600     1.03860     1.03860     0.10000     0.10000
     0.39700     1.03870     1.03870     0.10000     0.10000
     0.39800     1.03880     1.03880     0.10000     0.10000
     0.39900     1.03890     1.03890     0.10000     0.10000
     0.40000     1.03900     1.03900     0.10000     0.10000
     0.40100     1.03910     1.03910     0.10000     0.10000
     0.40200     1.03920     1.03920     0.10000     0.10000
     0.40300     1.03930     1.03930     0.10000     0.10000
     0.40400     1.03940     1.03940     0.10000     0.10000
     0.40500     1.03950     1.03950     0.10000     0.10000
     0.40600     1.03960     1.03960     0.10000     0.10000
     0.40700     1.03970     1.03970     0.10000     0.10000
     0.40800     1.03980     1.03980     0.10000     0.10000
     0.40900     1.03990     1.03990     0.10000     0.10000
     0.41000     1.04000     1.04000     0.10000     0.10000
     0.41100     1.04010     1.04010     0.10000     0.10000
     0.41200     1.04020     1.04020     0.10000     0.10000
     0.41300     1.04030     1.04030     0.10000     0.10000
     0.41400     1.04040     1.04040     0.10000     0.10000
     0.41500     1.04050     1.04050     0.10000     0.10000
     0.41600     1.04060     1.04060     0.10000     0.10000
     0.41700     1.04070     1.04070     0.10000     0.10000
     0.41800     1.04080     1.04080     0.10000     0.10000
     0.41900     1.04090     1.04090     0.10000     0.10000
     0.42000     1.04100     1.04100     0.10000     0.10000
     0.42100     1.04110     1.04110     0.10000     0.10000
     0.42200     1.04120     1.04120     0.10000     0.10000
     0.42300     1.04130     1.04130     0.10000     0.10000
     0.42400     1.04140     1.04140     0.10000     0.10000
     0.42500     1.04150     1.04150     0.10000     0.10000
     0.42600     1.04160     1.04160     0.10000     0.10000
     0.42700     1.04170     1.04170     0.10000     0.10000
     0.42800     1.04180     1.04180     0.10000     0.10000
     0.42900     1.04190     1.04190     0.10000     0.10000
     0.43000     1.04200     1.04200     0.10000     0.10000
     0.43100     1.04210     1.04210     0.10000     0.10000
     0.43200     1.04220     1.04220     0.10000     0.10000
     0.43300     1.04230     1.04230     0.10000     0.10000
     0.43400     1.04240     1.04240     0.10000     0.10000
     0.43500     1.04250     1.04250     0.10000     0.10000
     0.43600     1.04260     1.04260     0.10000     0.10000
     0.43700     1.04270     1.04270     0.10000     0.10000
     0.43800     1.04280     1.04280     0.10000     0.10000
     0.43900     1.04290     1.04290     0.10000     0.10000
     0.44000     1.04300     1.04300     0.10000     0.10000
     0.44100     1.04310     1.04310     0.10000     0.10000
     0.44200     1.04320     1.04320     0.10000     0.10000
     0.44300     1.04330     1.04330     0.10000     0.10000
     0.44400     1.04340     1.04340     0.10000     0.10000
     0.44500     1.04350     1.04350     0.10000     0.10000
     0.44600     1.04360     1.04360     0.10000     0.10000
     0.44700     1.04370     1.04370     0.10000     0.10000
     0.44800     1.04380     1.04380     0.10000     0.10000
     0.44900     1.04390     1.04390     0.10000     0.10000
     0.45000     1.04400     1.04400     0.10000     0.10000
     0.45100     1.04410     1.04410     0.10000     0.10000
     0.45200     1.04420     1.04420     0.10000     0.10000
     0.45300     1.04430     1.04430     0.10000     0.10000
     0.45400     1.04440     1.04440     0.10000     0.10000
     0.45500     1.04450     1.04450     0.10000     0.10000
     0.45600     1.04460     1.04460     0.10000     0.10000
     0.45700     1.04470     1.04470     0.10000     0.10000
     0.45800     1.04480     1.04480     0.10000     0.10000
     0.45900     1.04490     1.04490     0.10000     0.10000
     0.46000     1.04500     1.04500     0.10000     0.10000
     0.46100     1.04510     1.04510     0.10000     0.10000
     0.46200     1.04520     1.04520     0.10000     0.10000
     0.46300     1.04530     1.04530     0.10000     0.10000
     0.46400     1.04540     1.04540     0.10000     0.10000
     0.46500     1.04550     1.04550     0.10000     0.10000
     0.46600     1.04560     1.04560     0.10000     0.10000
     0.46700     1.04570     1.04570     0.10000     0.10000
     0.46800     1.04580     1.04580     0.10000     0.10000
     0.46900     1.04590     1.04590     0.10000     0.10000
     0.47000     1.04600     1.04600     0.10000     0.10000
     0.47100     1.04610     1.04610     0.10000     0.10000
     0.47200     1.04620     1.04620     0.10000     0.10000
     0.47300     1.04630     1.04630     0.10000     0.10000
     0.47400     1.04640     1.04640     0.10000     0.10000
     0.47500     1.04650     1.04650     0.10000     0.10000
     0.47600     1.04660     1.04660     0.10000     0.10000
     0.47700     1.04670     1.04670     0.10000     0.10000
     0.47800     1.04680     1.04680     0.10000     0.10000
     0.47900     1.04690     1.04690     0.10000     0.10000
     0.48000     1.04700     1.04700     0.10000     0.10000
     0.48100     1.04710     1.04710     0.10000     0.10000
     0.48200     1.04720     1.04720     0.10000     0.10000
     0.48300     1.04730     1.04730     0.10000     0.10000
     0.48400     1.04740     1.04740     0.10000     0.10000
     0.48500     1.04750     1.04750     0.10000     0.10000
     0.48600     1.04760     1.04760     0.10000     0.10000
     0.48700     1.04770     1.04770     0.10000     0.10000
     0.48800     1.04780     1.04780     0.10000     0.10000
     0.48900     1.04790     1.04790     0.10000     0.10000
     0.49000     1.04800     1.04800     0.10000     0.10000
     0.49100     1.04810     1.04810     0.10000     0.10000
     0.49200     1.04820     1.04820     0.10000     0.10000
     0.49300     1.04830     1.04830     0.10000     0.10000
     0.49400     1.04840     1.04840     0.10000     0.10000
     0.49500     1.04850     1.04850     0.10000     0.10000
     0.49600     1.04860     1.04860     0.10000     0.10000
     0.49700     1.04870     1.04870     0.10000     0.10000
     0.49800     1.04880     1.04880     0.10000     0.10000
     0.49900     1.04890     1.04890     0.10000     0.10000
     0.50000     1.04900     1.04900     0.10000     0.10000
     0.50100     1.04910     1.04910     0.10000     0.10000
     0.50200     1.04920     1.04920     0.10000     0.10000
     0.50300     1.04930     1.04930     0.10000     0.10000
     0.50400     1.04940     1.04940     0.10000     0.10000
     0.50500     1.04950     1.04950     0.10000     0.10000
     0.50600     1.04960     1.04960     0.10000     0.10000
     0.50700     1.04970     1.04970     0.10000     0.10000
     0.50800     1.04980     1.04980     0.10000     0.10000
     0.50900     1.04990     1.04990     0.10000     0.10000
     0.51000     1.05000     1.05000     0.10000     0.10000
     0.51100     1.05010     1.05010     0.10000     0.10000
     0.51200     1.05020     1.05020     0.10000     0.10000
     0.51300     1.05030     1.05030     0.10000     0.10000
     0.51400     1.05040     1.05040     0.10000     0.10000
     0.51500     1.05050     1.05050     0.10000     0.10000
     0.51600     1.05060     1.05060     0.10000     0.10000
     0.51700     1.05070     1.05070     0.10000     0.10000
     0.51800     1.05080     1.05080     0.10000     0.10000
     0.51900     1.05090     1.05090     0.10000     0.10000
     0.52000     1.05100     1.05100     0.10000     0.10000
     0.52100     1.05110     1.05110     0.10000     0.10000
     0.52200     1.05120     1.05120     0.10000     0.10000
     0.52300     1.05130     1.05130     0.10000     0.10000
     0.52400     1.05140     1.05140     0.10000     0.10000
     0.52500     1.05150     1.05150     0.10000     0.10000
     0.52600     1.05160     1.05160     0.10000     0.10000
     0.52700     1.05170     1.05170     0.10000     0.10000
     0.52800     1.05180     1.05180     0.10000     0.10000
     0.52900     1.05190     1.05190     0.10000     0.10000
     0.53000     1.05200     1.05200     0.10000     0.10000
     0.53100     1.05210     1.05210     0.10000     0.10000
     0.53200     1.05220     1.05220     0.10000     0.10000
     0.53300     1.05230     1.05230     0.10000     0.10000
     0.53400     1.05240     1.05240     0.10000     0.10000
     0.53500     1.05250     1.05250     0.10000     0.10000
     0.53600     1.05260     1.05260     0.10000     0.10000
     0.53700     1.05270     1.05270     0.10000     0.10000
     0.53800     1.05280     1.05280     0.10000     0.10000
     0.53900     1.05290     1.05290     0.10000     0.10000
     0.54000     1.05300     1.05300     0.10000     0.10000
     0.54100     1.05310     1.05310     0.10000     0.10000
     0.54200     1.05320     1.05320     0.10000     0.10000
     0.54300     1.05330     1.05330     0.10000     0.10000
     0.54400     1.05340     1.05340     0.10000     0.10000
     0.54500     1.05350     1.05350     0.10000     0.10000
     0.54600     1.05360     1.05360     0.10000     0.10000
     0.54700     1.05370     1.05370     0.10000     0.10000
     0.54800     1.05380     1.05380     0.10000     0.10000
     0.54900     1.05390     1.05390     0.10000     0.10000
     0.55000     1.05400     1.05400     0.10000     0.10000
     0.55100     1.05410     1.05410     0.10000     0.10000
     0.55200     1.05420     1.05420     0.10000     0.10000
     0.55300     1.05430     1.05430     0.10000     0.10000
     0.55400     1.05440     1.05440     0.10000     0.10000
     0.55500     1.05450     1.05450     0.10000     0.10000
     0.55600     1.05460     1.05460     0.10000     0.10000
     0.55700     1.05470     1.05470     0.10000     0.10000
     0.55800     1.05480     1.05480     0.10000     0.10000
     0.55900     1.05490     1.05490     0.10000     0.10000
     0.56000     1.05500     1.05500     0.10000     0.10000
     0.56100     1.05510     1.05510     0.10000     0.10000
     0.56200     1.05520     1.05520     0.10000     0.10000
     0.56300     1.05530     1.05530     0.10000     0.10000
     0.56400     1.05540     1.05540     0.10000     0.10000
     0.56500     1.05550     1.05550     0.10000     0.10000
     0.56600     1.05560     1.05560     0.10000     0.10000
     0.56700     1.05570     1.05570     0.10000     0.10000
     0.56800     1.05580     1.05580     0.10000     0.10000
     0.56900     1.05590     1.05590     0.10000     0.10000
     0.57000     1.05600     1.05600     0.10000     0.10000
     0.57100     1.05610     1.05610     0.10000     0.10000
     0.57200     1.05620     1.05620     0.10000     0.10000
     0.57300     1.05630     1.05630     0.10000     0.10000
     0.57400     1.05640     1.05640     0.10000     0.10000
     0.57500     1.05650     1.05650     0.10000     0.10000
     0.57600     1.05660     1.05660     0.10000     0.10000
     0.57700     1.05670     1.05670     0.10000     0.10000
     0.57800     1.05680     1.05680     0.10000     0.10000
     0.57900     1.05690     1.05690     0.10000     0.10000
     0.58000     1.05700     1.05700     0.10000     0.10000
     0.58100     1.05710     1.05710     0.10000     0.10000
     0.58200     1.05720     1.05720     0.10000     0.10000
     0.58300     1.05730     1.05730     0.10000     0.10000
     0.58400     1.05740     1.05740     0.10000     0.10000
     0.58500     1.05750     1.05750     0.10000     0.10000
     0.58600     1.05760     1.05760     0.10000     0.10000
     0.58700     1.05770     1.05770     0.10000     0.10000
     0.58800     1.05780     1.05780     0.10000     0.10000
     0.58900     1.05790     1.05790     0.10000     0.10000
     0.59000     1.05800     1.05800     0.10000     0.10000
     0.59100     1.05810     1.05810     0.10000     0.10000
     0.59200     1.05820     1.05820     0.10000     0.10000
     0.59300     1.05830     1.05830     0.10000     0.10000
     0.59400     1.05840     1.05840     0.10000     0.10000
     0.59500     1.05850     1.05850     0.10000     0.10000
     0.59600     1.05860     1.05860     0.10000     0.10000
     0.59700     1.05870     1.05870     0.10000     0.10000
     0.59800     1.05880     1.05880     0.10000     0.10000
     0.59900     1.05890     1.05890     0.10000     0.10000
     0.60000     1.05900     1.05900     0.10000     0.10000
     0.60100     1.05910     1.05910     0.10000     0.10000
     0.60200     1.05920     1.05920     0.10000     0.10000
     0.60300     1.05930     1.05930     0.10000     0.10000
     0.60400     1.05940     1.05940     0.10000     0.10000
     0.60500     1.05950     1.05950     0.10000     0.10000
     0.60600     1.05960     1.05960     0.10000     0.10000
     0.60700     1.05970     1.05970     0.10000     0.10000
     0.60800     1.05980     1.05980     0.10000     0.10000
     0.60900     1.05990     1.05990     0.10000     0.10000
     0.61000     1.06000     1.06000     0.10000     0.10000
     0.61100     1.06010     1.06010     0.10000     0.10000
     0.61200     1.06020     1.06020     0.10000     0.10000
     0.61300     1.06030     1.06030     0.10000     0.10000
     0.61400     1.06040     1.06040     0.10000     0.10000
     0.61500     1.06050     1.06050     0.10000     0.10000
     0.61600     1.06060     1.06060     0.10000     0.10000
     0.61700     1.06070     1.06070     0.10000     0.10000
     0.61800     1.06080     1.06080     0.10000     0.10000
     0.61900     1.06090     1.06090     0.10000     0.10000
     0.62000     1.06100     1.06100     0.10000     0.10000
     0.62100     1.06110     1.06110     0.10000     0.10000
     0.62200     1.06120     1.06120     0.10000     0.10000
     0.62300     1.06130     1.06130     0.10000     0.10000
     0.62400     1.06140     1.06140     0.10000     0.10000
     0.62500     1.06150     1.06150     0.10000     0.10000
     0.62600     1.06160     1.06160     0.10000     0.10000
     0.62700     1.06170     1.06170     0.10000     0.10000
     0.62800     1.06180     1.06180     0.10000     0.10000
     0.62900     1.06190     1.06190     0.10000     0.10000
     0.63000     1.06200     1.06200     0.10000     0.10000
     0.63100     1.06210     1.06210     0.10000     0.10000
     0.63200     1.06220     1.06220     0.10000     0.10000
     0.63300     1.06230     1.06230     0.10000     0.10000
     0.63400     1.06240     1.06240     0.10000     0.10000
     0.63500     1.06250     1.06250     0.10000     0.10000
     0.63600     1.06260     1.06260     0.10000     0.10000
     0.63700     1.06270     1.06270     0.10000     0.10000
     0.63800     1.06280     1.06280     0.10000     0.10000
     0.63900     1.06290     1.06290     0.10000     0.10000
     0.64000     1.06300     1.06300     0.10000     0.10000
     0.64100     1.06310     1.06310     0.10000     0.10000
     0.64200     1.06320     1.06320     0.10000     0.10000
     0.64300     1.06330     1.06330     0.10000     0.10000
     0.64400     1.06340     1.06340     0.10000     0.10000
     0.64500     1.06350     1.06350     0.10000     0.10000
     0.64600     1.06360     1.06360     0.10000     0.10000
     0.64700     1.06370     1.06370     0.10000     0.10000
     0.64800     1.06380     1.06380     0.10000     0.10000
     0.64900     1.06390     1.06390     0.10000     0.10000
     0.65000     1.06400     1.06400     0.10000     0.10000
     0.65100     1.06410     1.06410     0.10000     0.10000
     0.65200     1.06420     1.06420     0.10000     0.10000
     0.65300     1.06430     1.06430     0.10000     0.10000
     0.65400     1.06440     1.06440     0.10000     0.10000
     0.65500     1.06450     1.06450     0.10000     0.10000
     0.65600     1.06460     1.06460     0.10000     0.10000
     0.65700     1.06470     1.06470     0.10000     0.10000
     0.65800     1.06480     1.06480     0.10000     0.10000
     0.65900     1.06490     1.06490     0.10000     0.10000
     0.66000     1.06500     1.06500     0.10000     0.10000
     0.66100     1.06510     1.06510     0.10000     0.10000
     0.66200     1.06520     1.06520     0.10000     0.10000
     0.66300     1.06530     1.06530     0.10000     0.10000
     0.66400     1.06540     1.06540     0.10000     0.10000
     0.66500     1.06550     1.06550     0.10000     0.10000
     0.66600     1.06560     1.06560     0.10000     0.10000
     0.66700     1.06570     1.06570     0.10000     0.10000
     0.66800     1.06580     1.06580     0.10000     0.10000
     0.66900     1.06590     1.06590     0.10000     0.10000
     0.67000     1.06600     1.06600     0.10000     0.10000
     0.67100     1.06610     1.06610     0.10000     0.10000
     0.67200     1.06620     1.06620     0.10000     0.10000
     0.67300     1.06630     1.06630     0.10000     0.10000
     0.67400     1.06640     1.06640     0.10000     0.10000
     0.67500     1.06650     1.06650     0.10000     0.10000
     0.67600     1.06660     1.06660     0.10000     0.10000
     0.67700     1.06670     1.06670     0.10000     0.10000
     0.67800     1.06680     1.06680     0.10000     0.10000
     0.67900     1.06690     1.06690     0.10000     0.10000
     0.68000     1.06700     1.06700     0.10000     0.10000
     0.68100     1.06710     1.06710     0.10000     0.10000
     0.68200     1.06720     1.06720     0.10000     0.10000
     0.68300     1.06730     1.06730     0.10000     0.10000
     0.68400     1.06740     1.06740     0.10000     0.10000
     0.68500     1.06750     1.06750     0.10000     0.10000
     0.68600     1.06760     1.06760     0.10000     0.10000
     0.68700     1.06770     1.06770     0.10000     0.10000
     0.68800     1.06780     1.06780     0.10000     0.10000
     0.68900     1.06790     1.06790     0.10000     0.10000
     0.69000     1.06800     1.06800     0.10000     0.10000
     0.69100     1.06810     1.06810     0.10000     0.10000
     0.69200     1.06820     1.06820     0.10000     0.10000
     0.69300     1.06830     1.06830     0.10000     0.10000
     0.69400     1.06840     1.06840     0.10000     0.10000
     0.69500     1.06850     1.06850     0.10000     0.10000
     0.69600     1.06860     1.06860     0.10000     0.10000
     0.69700     1.06870     1.06870     0.10000     0.10000
     0.69800     1.06880     1.06880     0.10000     0.10000
     0.69900     1.06890     1.06890     0.10000     0.10000
     0.70000     1.06900     1.06900     0.10000     0.10000
     0.70100     1.06910     1.06910     0.10000     0.10000
     0.70200     1.06920     1.06920     0.10000     0.10000
     0.70300     1.06930     1.06930     0.10000     0.10000
     0.70400     1.06940     1.06940     0.10000     0.10000
     0.70500     1.06950     1.06950     0.10000     0.10000
     0.70600     1.06960     1.06960     0.10000     0.10000
     0.70700     1.06970     1.06970     0.10000     0.10000
     0.70800     1.06980     1.06980     0.10000     0.10000
     0.70900     1.06990     1.06990     0.10000     0.10000
     0.71000     1.07000     1.07000     0.10000     0.10000
     0.71100     1.07010     1.07010     0.10000     0.10000
     0.71200     1.07020     1.07020     0.10000     0.10000
     0.71300     1.07030     1.07030     0.10000     0.10000
     0.71400     1.07040     1.07040     0.10000     0.10000
     0.71500     1.07050     1.07050     0.10000     0.10000
     0.71600     1.07060     1.07060     0.10000     0.10000
     0.71700     1.07070     1.07070     0.10000     0.10000
     0.71800     1.07080     1.07080     0.10000     0.10000
     0.71900     1.07090     1.07090     0.10000     0.10000
     0.72000     1.07100     1.07100     0.10000     0.10000
     0.72100     1.07110     1.07110     0.10000     0.10000
     0.72200     1.07120     1.07120     0.10000     0.10000
     0.72300     1.07130     1.07130     0.10000     0.10000
     0.72400     1.07140     1.07140     0.10000     0.10000
     0.72500     1.07150     1.07150     0.10000     0.10000
     0.72600     1.07160     1.07160     0.10000     0.10000
     0.72700     1.07170     1.07170     0.10000     0.10000
     0.72800     1.07180     1.07180     0.10000     0.10000
     0.72900     1.07190     1.07190     0.10000     0.10000
     0.73000     1.07200     1.07200     0.10000     0.10000
     0.73100     1.07210     1.07210     0.10000     0.10000
     0.73200     1.07220     1.07220     0.10000     0.10000
     0.73300     1.07230     1.07230     0.10000     0.10000
     0.73400     1.07240     1.07240     0.10000     0.10000
     0.73500     1.07250     1.07250     0.10000     0.10000
     0.73600     1.07260     1.07260     0.10000     0.10000
     0.73700     1.07270     1.07270     0.10000     0.10000
     0.73800     1.07280     1.07280     0.10000     0.10000
     0.73900     1.07290     1.07290     0.10000     0.10000
     0.74000     1.07300     1.07300     0.10000     0.10000
     0.74100     1.07310     1.07310     0.10000     0.10000
     0.74200     1.07320     1.07320     0.10000     0.10000
     0.74300     1.07330     1.07330     0.10000     0.10000
     0.74400     1.07340     1.07340     0.10000     0.10000
     0.74500     1.07350     1.07350     0.10000     0.10000
     0.74600     1.07360     1.07360     0.10000     0.10000
     0.74700     1.07370     1.07370     0.10000     0.10000
     0.74800     1.07380     1.07380     0.10000     0.10000
     0.74900     1.07390     1.07390     0.10000     0.10000
     0.75000     1.07400     1.07400     0.10000     0.10000
     0.75100     1.07410     1.07410     0.10000     0.10000
     0.75200     1.07420     1.07420     0.10000     0.10000
     0.75300     1.07430     1.07430     0.10000     0.10000
     0.75400     1.07440     1.07440     0.10000     0.10000
     0.75500     1.07450     1.07450     0.10000     0.10000
     0.75600     1.07460     1.07460     0.10000     0.10000
     0.75700     1.07470     1.07470     0.10000     0.10000
     0.75800     1.07480     1.07480     0.10000     0.10000
     0.75900     1.07490     1.07490     0.10000     0.10000
     0.76000     1.07500     1.07500     0.10000     0.10000
     0.76100     1.07510     1.07510     0.10000     0.10000
     0.76200     1.07520     1.07520     0.10000     0.10000
     0.76300     1.07530     1.07530     0.10000     0.10000
     0.76400     1.07540     1.07540     0.10000     0.10000
     0.76500     1.07550     1.07550     0.10000     0.10000
     0.76600     1.07560     1.07560     0.10000     0.10000
     0.76700     1.07570     1.07570     0.10000     0.10000
     0.76800     1.07580     1.07580     0.10000     0.10000
     0.76900     1.07590     1.07590     0.10000     0.10000
     0.77000     1.07600     1.07600     0.10000     0.10000
     0.77100     1.07610     1.07610     0.10000     0.10000
     0.77200     1.07620     1.07620     0.10000     0.10000
     0.77300     1.07630     1.07630     0.10000     0.10000
     0.77400     1.07640     1.07640     0.10000     0.10000
     0.77500     1.07650     1.07650     0.10000     0.10000
     0.77600     1.07660     1.07660     0.10000     0.10000
     0.77700     1.07670     1.07670     0.10000     0.10000
     0.77800     1.07680     1.07680     0.10000     0.10000
     0.77900     1.07690     1.07690     0.10000     0.10000
     0.78000     1.07700     1.07700     0.10000     0.10000
     0.78100     1.07710     1.07710     0.10000     0.10000
     0.78200     1.07720     1.07720     0.10000     0.10000
     0.78300     1.07730     1.07730     0.10000     0.10000
     0.78400     1.07740     1.07740     0.10000     0.10000
     0.78500     1.07750     1.07750     0.10000     0.10000
     0.78600     1.07760     1.07760     0.10000     0.10000
     0.78700     1.07770     1.07770     0.10000     0.10000
     0.78800     1.07780     1.07780     0.10000     0.10000
     0.78900     1.07790     1.07790     0.10000     0.10000
     0.79000     1.07800     1.07800     0.10000     0.10000
     0.79100     1.07810     1.07810     0.10000     0.10000
     0.79200     1.07820     1.07820     0.10000     0.10000
     0.79300     1.07830     1.07830     0.10000     0.10000
     0.79400     1.07840     1.07840     0.10000     0.10000
     0.79500     1.07850     1.07850     0.10000     0.10000
     0.79600     1.07860     1.07860     0.10000     0.10000
     0.79700     1.07870     1.07870     0.10000     0.10000
     0.79800     1.07880     1.07880     0.10000     0.10000
     0.79900     1.07890     1.07890     0.10000     0.10000
     0.80000     1.07900     1.07900     0.10000     0.10000
     0.80100     1.07910     1.07910     0.10000     0.10000
     0.80200     1.07920     1.07920     0.10000     0.10000
     0.80300     1.07930     1.07930     0.10000     0.10000
     0.80400     1.07940     1.07940     0.10000     0.10000
     0.80500     1.07950     1.07950     0.10000     0.10000
     0.80600     1.07960     1.07960     0.10000     0.10000
     0.80700     1.07970     1.07970     0.10000     0.10000
     0.80800     1.07980     1.07980     0.10000     0.10000
     0.80900     1.07990     1.07990     0.10000     0.10000
     0.81000     1.08000     1.08000     0.10000     0.10000
     0.81100     1.08010     1.08010     0.10000     0.10000
     0.81200     1.08020     1.08020     0.10000     0.10000
     0.81300     1.08030     1.08030     0.10000     0.10000
     0.81400     1.08040     1.08040     0.10000     0.10000
     0.81500     1.08050     1.08050     0.10000     0.10000
     0.81600     1.08060     1.08060     0.10000     0.10000
     0.81700     1.08070     1.08070     0.10000     0.10000
     0.81800     1.08080     1.08080     0.10000     0.10000
     0.81900     1.08090     1.08090     0.10000     0.10000
     0.82000     1.08100     1.08100     0.10000     0.10000
     0.82100     1.08110     1.08110     0.10000     0.10000
     0.82200     1.08120     1.08120     0.10000     0.10000
     0.82300     1.08130     1.08130     0.10000     0.10000
     0.82400     1.08140     1.08140     0.10000     0.10000
     0.82500     1.08150     1.08150     0.10000     0.10000
     0.82600     1.08160     1.08160     0.10000     0.10000
     0.82700     1.08170     1.08170     0.10000     0.10000
     0.82800     1.08180     1.08180     0.10000     0.10000
     0.82900     1.08190     1.08190     0.10000     0.10000
     0.83000     1.08200     1.08200     0.10000     0.10000
     0.83100     1.08210     1.08210     0.10000     0.10000
     0.83200     1.08220     1.08220     0.10000     0.10000
     0.83300     1.08230     1.08230     0.10000     0.10000
     0.83400     1.08240     1.08240     0.10000     0.10000
     0.83500     1.08250     1.08250     0.10000     0.10000
     0.83600     1.08260     1.08260     0.10000     0.10000
     0.83700     1.08270     1.08270     0.10000     0.10000
     0.83800     1.08280     1.08280     0.10000     0.10000
     0.83900     1.08290     1.08290     0.10000     0.10000
     0.84000     1.08300     1.08300     0.10000     0.10000
     0.84100     1.08310     1.08310     0.10000     0.10000
     0.84200     1.08320     1.08320     0.10000     0.10000
     0.84300     1.08330     1.08330     0.10000     0.10000
     0.84400     1.08340     1.08340     0.10000     0.10000
     0.84500     1.08350     1.08350     0.10000     0.10000
     0.84600     1.08360     1.08360     0.10000     0.10000
     0.84700     1.08370     1.08370     0.10000     0.10000
     0.84800     1.08380     1.08380     0.10000     0.10000
     0.84900     1.08390     1.08390     0.10000     0.10000
     0.85000     1.08400     1.08400     0.10000     0.10000
     0.85100     1.08410     1.08410     0.10000     0.10000
     0.85200     1.08420     1.08420     0.10000     0.10000
     0.85300     1.08430     1.08430     0.10000     0.10000
     0.85400     1.08440     1.08440     0.10000     0.10000
     0.85500     1.08450     1.08450     0.10000     0.10000
     0.85600     1.08460     1.08460     0.10000     0.10000
     0.85700     1.08470     1.08470     0.10000     0.10000
     0.85800     1.08480     1.08480     0.10000     0.10000
     0.85900     1.08490     1.08490     0.10000     0.10000
     0.86000     1.08500     1.08500     0.10000     0.10000
     0.86100     1.08510     1.08510     0.10000     0.10000
     0.86200     1.08520     1.08520     0.10000     0.10000
     0.86300     1.08530     1.08530     0.10000     0.10000
     0.86400     1.08540     1.08540     0.10000     0.10000
     0.86500     1.08550     1.08550     0.10000     0.10000
     0.86600     1.08560     1.08560     0.10000     0.10000
     0.86700     1.08570     1.08570     0.10000     0.10000
     0.86800     1.08580     1.08580     0.10000     0.10000
     0.86900     1.08590     1.08590     0.10000     0.10000
     0.87000     1.08600     1.08600     0.10000     0.10000
     0.87100     1.08610     1.08610     0.10000     0.10000
     0.87200     1.08620     1.08620     0.10000     0.10000
     0.87300     1.08630     1.08630     0.10000     0.10000
     0.87400     1.08640     1.08640     0.10000     0.10000
     0.87500     1.08650     1.08650     0.10000     0.10000
     0.87600     1.08660     1.08660     0.10000     0.10000
     0.87700     1.08670     1.08670     0.10000     0.10000
     0.87800     1.08680     1.08680     0.10000     0.10000
     0.87900     1.08690     1.08690     0.10000     0.10000
     0.88000     1.08700     1.08700     0.10000     0.10000
     0.88100     1.08710     1.08710     0.10000     0.10000
     0.88200     1.08720     1.08720     0.10000     0.10000
     0.88300     1.08730     1.08730     0.10000     0.10000
     0.88400     1.08740     1.08740     0.10000     0.10000
     0.88500     1.08750     1.08750     0.10000     0.10000
     0.88600     1.08760     1.08760     0.10000     0.10000
     0.88700     1.08770     1.08770     0.10000     0.10000
     0.88800     1.08780     1.08780     0.10000     0.10000
     0.88900     1.08790     1.08790     0.10000     0.10000
     0.89000     1.08800     1.08800     0.10000     0.10000
     0.89100     1.08810     1.08810     0.10000     0.10000
     0.89200     1.08820     1.08820     0.10000     0.10000
     0.89300     1.08830     1.08830     0.10000     0.10000
     0.89400     1.08840     1.08840     0.10000     0.10000
     0.89500     1.08850     1.08850     0.10000     0.10000
     0.89600     1.08860     1.08860     0.10000     0.10000
     0.89700     1.08870     1.08870     0.10000     0.10000
     0.89800     1.08880     1.08880     0.10000     0.10000
     0.89900     1.08890     1.08890     0.10000     0.10000
     0.90000     1.08900     1.08900     0.10000     0.10000
     0.90100     1.08910     1.08910     0.10000     0.10000
     0.90200     1.08920     1.08920     0.10000     0.10000
     0.90300     1.08930     1.08930     0.10000     0.10000
     0.90400     1.08940     1.08940     0.10000     0.10000
     0.90500     1.08950     1.08950     0.10000     0.10000
     0.90600     1.08960     1.08960     0.10000     0.10000
     0.90700     1.08970     1.08970     0.10000     0.10000
     0.90800     1.08980     1.08980     0.10000     0.10000
     0.90900     1.08990     1.08990     0.10000     0.10000
     0.91000     1.09000     1.09000     0.10000     0.10000
     0.91100     1.09010     1.09010     0.10000     0.10000
     0.91200     1.09020     1.09020     0.10000     0.10000
     0.91300     1.09030     1.09030     0.10000     0.10000
     0.91400     1.09040     1.09040     0.10000     0.10000
     0.91500     1.09050     1.09050     0.10000     0.10000
     0.91600     1.09060     1.09060     0.10000     0.10000
     0.91700     1.09070     1.09070     0.10000     0.10000
     0.91800     1.09080     1.09080     0.10000     0.10000
     0.91900     1.09090     1.09090     0.10000     0.10000
     0.92000     1.09100     1.09100     0.10000     0.10000
     0.92100     1.09110     1.09110     0.10000     0.10000
     0.92200     1.09120     1.09120     0.10000     0.10000
     0.92300     1.09130     1.09130     0.10000     0.10000
     0.92400     1.09140     1.09140     0.10000     0.10000
     0.92500     1.09150     1.09150     0.10000     0.10000
     0.92600     1.09160     1.09160     0.10000     0.10000
     0.92700     1.09170     1.09170     0.10000     0.10000
     0.92800     1.09180     1.09180     0.10000     0.10000
     0.92900     1.09190     1.09190     0.10000     0.10000
     0.93000     1.09200     1.09200     0.10000     0.10000
     0.93100     1.09210     1.09210     0.10000     0.10000
     0.93200     1.09220     1.09220     0.10000     0.10000
     0.93300     1.09230     1.09230     0.10000     0.10000
     0.93400     1.09240     1.09240     0.10000     0.10000
     0.93500     1.09250     1.09250     0.10000     0.10000
     0.93600     1.09260     1.09260     0.10000     0.10000
     0.93700     1.09270     1.09270     0.10000     0.10000
     0.93800     1.09280     1.09280     0.10000     0.10000
     0.93900     1.09290     1.09290     0.10000     0.10000
     0.94000     1.09300     1.09300     0.10000     0.10000
     0.94100     1.09310     1.09310     0.10000     0.10000
     0.94200     1.09320     1.09320     0.10000     0.10000
     0.94300     1.09330     1.09330     0.10000     0.10000
     0.94400     1.09340     1.09340     0.10000     0.10000
     0.94500     1.09350     1.09350     0.10000     0.10000
     0.94600     1.09360     1.09360     0.10000     0.10000
     0.94700     1.09370     1.09370     0.10000     0.10000
     0.94800     1.09380     1.09380     0.10000     0.10000
     0.94900     1.09390     1.09390     0.10000     0.10000
     0.95000     1.09400     1.09400     0.10000     0.10000
     0.95100     1.09410     1.09410     0.10000     0.10000
     0.95200     1.09420     1.09420     0.10000     0.10000
     0.95300     1.09430     1.09430     0.10000     0.10000
     0.95400     1.09440     1.09440     0.10000     0.10000
     0.95500     1.09450     1.09450     0.10000     0.10000
     0.95600     1.09460     1.09460     0.10000     0.10000
     0.95700     1.09470     1.09470     0.10000     0.10000
     0.95800     1.09480     1.09480     0.10000     0.10000
     0.95900     1.09490     1.09490     0.10000     0.10000
     0.96000     1.09500     1.09500     0.10000     0.10000
     0.96100     1.09510     1.09510     0.10000     0.10000
     0.96200     1.09520     1.09520     0.10000     0.10000
     0.96300     1.09530     1.09530     0.10000     0.10000
     0.96400     1.09540     1.09540     0.10000     0.10000
     0.96500     1.09550     1.09550     0.10000     0.10000
     0.96600     1.09560     1.09560     0.10000     0.10000
     0.96700     1.09570     1.09570     0.10000     0.10000
     0.96800     1.09580     1.09580     0.10000     0.10000
     0.96900     1.09590     1.09590     0.10000     0.10000
     0.97000     1.09600     1.09600     0.10000     0.10000
     0.97100     1.09610     1.09610     0.10000     0.10000
     0.97200     1.09620     1.09620     0.10000     0.10000
     0.97300     1.09630     1.09630     0.10000     0.10000
     0.97400     1.09640     1.09640     0.10000     0.10000
     0.97500     1.09650     1.09650     0.10000     0.10000
     0.97600     1.09660     1.09660     0.10000     0.10000
     0.97700     1.09670     1.09670     0.10000     0.10000
     0.97800     1.09680     1.09680     0.10000     0.10000
     0.97900     1.09690     1.09690     0.10000     0.10000
     0.98000     1.09700     1.09700     0.10000     0.10000
     0.98100     1.09710     1.09710     0.10000     0.10000
     0.98200     1.09720     1.09720     0.10000     0.10000
     0.98300     1.09730     1.09730     0.10000     0.10000
     0.98400     1.09740     1.09740     0.10000     0.10000
     0.98500     1.09750     1.09750     0.10000     0.10000
     0.98600     1.09760     1.09760     0.10000     0.10000
     0.98700     1.09770     1.09770     0.10000     0.10000
     0.98800     1.09780     1.09780     0.10000     0.10000
     0.98900     1.09790     1.09790     0.10000     0.10000
     0.99000     1.09800     1.09800     0.10000     0.10000
     0.99100     1.09810     1.09810     0.10000     0.10000
     0.99200     1.09820     1.09820     0.10000     0.10000
     0.99300     1.09830     1.09830     0.10000     0.10000
     0.99400     1.09840     1.09840     0.10000     0.10000
     0.99500     1.09850     1.09850     0.10000     0.10000
     0.99600     1.09860     1.09860     0.10000     0.10000
     0.99700     1.09870     1.09870     0.10000     0.10000
     0.99800     1.09880     1.09880     0.10000     0.10000
     0.99900     1.09890     1.09890     0.10000     0.10000
     1.00000     1.09900     1.09900     0.10000     0.10000
