           t              x              v    Energia_Cinetica
     0.00000        0.00000        5.00000            12.50000
     0.10000        0.50000        5.00000            12.50000
     0.20000        1.00000        5.00000            12.50000
     0.30000        1.50000        5.00000            12.50000
     0.40000        2.00000        5.00000            12.50000
     0.50000        2.50000        5.00000            12.50000
     0.60000        3.00000        5.00000            12.50000
     0.70000        3.50000        5.00000            12.50000
     0.80000        4.00000        5.00000            12.50000
     0.90000        4.50000        5.00000            12.50000
     1.00000        5.00000        5.00000            12.50000
     1.10000        5.50000        5.00000            12.50000
     1.20000        6.00000        5.00000            12.50000
     1.30000        6.50000        5.00000            12.50000
     1.40000        7.00000        5.00000            12.50000
     1.50000        7.50000        5.00000            12.50000
     1.60000        8.00000        5.00000            12.50000
     1.70000        8.50000        5.00000            12.50000
     1.80000        9.00000        5.00000            12.50000
     1.90000        9.50000        5.00000            12.50000
     2.00000       10.00000        5.00000            12.50000
     2.10000       10.50000        5.00000            12.50000
     2.20000       11.00000        5.00000            12.50000
     2.30000       11.50000        5.00000            12.50000
     2.40000       12.00000        5.00000            12.50000
     2.50000       12.50000        5.00000            12.50000
     2.60000       13.00000        5.00000            12.50000
     2.70000       13.50000        5.00000            12.50000
     2.80000       14.00000        5.00000            12.50000
     2.90000       14.50000        5.00000            12.50000
     3.00000       15.00000        5.00000            12.50000
     3.10000       15.50000        5.00000            12.50000
     3.20000       16.00000        5.00000            12.50000
     3.30000       16.50000        5.00000            12.50000
     3.40000       17.00000        5.00000            12.50000
     3.50000       17.50000        5.00000            12.50000
     3.60000       18.00000        5.00000            12.50000
     3.70000       18.50000        5.00000            12.50000
     3.80000       19.00000        5.00000            12.50000
     3.90000       19.50000        5.00000            12.50000
     4.00000       20.00000        5.00000            12.50000
     4.10000       20.50000        5.00000            12.50000
     4.20000       21.00000        5.00000            12.50000
     4.30000       21.50000        5.00000            12.50000
     4.40000       22.00000        5.00000            12.50000
     4.50000       22.50000        5.00000            12.50000
     4.60000       23.00000        5.00000            12.50000
     4.70000       23.50000        5.00000            12.50000
     4.80000       24.00000        5.00000            12.50000
     4.90000       24.50000        5.00000            12.50000
     5.00000       25.00000        5.00000            12.50000
     5.10000       25.50000        5.00000            12.50000
     5.20000       26.00000        5.00000            12.50000
     5.30000       26.50000        5.00000            12.50000
     5.40000       27.00000        5.00000            12.50000
     5.50000       27.50000        5.00000            12.50000
     5.60000       28.00000        5.00000            12.50000
     5.70000       28.50000        5.00000            12.50000
     5.80000       29.00000        5.00000            12.50000
     5.90000       29.50000        5.00000            12.50000
     6.00000       30.00000        5.00000            12.50000
     6.10000       30.50000        5.00000            12.50000
     6.20000       31.00000        5.00000            12.50000
     6.30000       31.50000        5.00000            12.50000
     6.40000       32.00000        5.00000            12.50000
     6.50000       32.50000        5.00000            12.50000
     6.60000       33.00000        5.00000            12.50000
     6.70000       33.50000        5.00000            12.50000
     6.80000       34.00000        5.00000            12.50000
     6.90000       34.50000        5.00000            12.50000
     7.00000       35.00000        5.00000            12.50000
     7.10000       35.50000        5.00000            12.50000
     7.20000       36.00000        5.00000            12.50000
     7.30000       36.50000        5.00000            12.50000
     7.40000       37.00000        5.00000            12.50000
     7.50000       37.50000        5.00000            12.50000
     7.60000       38.00000        5.00000            12.50000
     7.70000       38.50000        5.00000            12.50000
     7.80000       39.00000        5.00000            12.50000
     7.90000       39.50000        5.00000            12.50000
     8.00000       40.00000        5.00000            12.50000
     8.10000       40.50000        5.00000            12.50000
     8.20000       41.00000        5.00000            12.50000
     8.30000       41.50000        5.00000            12.50000
     8.40000       42.00000        5.00000            12.50000
     8.50000       42.50000        5.00000            12.50000
     8.60000       43.00000        5.00000            12.50000
     8.70000       43.50000        5.00000            12.50000
     8.80000       44.00000        5.00000            12.50000
     8.90000       44.50000        5.00000            12.50000
     9.00000       45.00000        5.00000            12.50000
     9.10000       45.50000        5.00000            12.50000
     9.20000       46.00000        5.00000            12.50000
     9.30000       46.50000        5.00000            12.50000
     9.40000       47.00000        5.00000            12.50000
     9.50000       47.50000        5.00000            12.50000
     9.60000       48.00000        5.00000            12.50000
     9.70000       48.50000        5.00000            12.50000
     9.80000       49.00000        5.00000            12.50000
     9.90000       49.50000        5.00000            12.50000
    10.00000       50.00000        5.00000            12.50000
    10.10000       50.50000        5.00000            12.50000
    10.20000       51.00000        5.00000            12.50000
    10.30000       51.50000        5.00000            12.50000
    10.40000       52.00000        5.00000            12.50000
    10.50000       52.50000        5.00000            12.50000
    10.60000       53.00000        5.00000            12.50000
    10.70000       53.50000        5.00000            12.50000
    10.80000       54.00000        5.00000            12.50000
    10.90000       54.50000        5.00000            12.50000
    11.00000       55.00000        5.00000            12.50000
    11.10000       55.50000        5.00000            12.50000
    11.20000       56.00000        5.00000            12.50000
    11.30000       56.00000       -3.00000             4.50000
    11.40000       55.70000       -3.00000             4.50000
    11.50000       55.40000       -3.00000             4.50000
    11.60000       55.10000       -3.00000             4.50000
    11.70000       54.80000       -3.00000             4.50000
    11.80000       54.50000       -3.00000             4.50000
    11.90000       54.20000       -3.00000             4.50000
    12.00000       53.90000       -3.00000             4.50000
    12.10000       53.60000       -3.00000             4.50000
    12.20000       53.30000       -3.00000             4.50000
    12.30000       53.00000       -3.00000             4.50000
    12.40000       52.70000       -3.00000             4.50000
    12.50000       52.40000       -3.00000             4.50000
    12.60000       52.10000       -3.00000             4.50000
    12.70000       51.80000       -3.00000             4.50000
    12.80000       51.50000       -3.00000             4.50000
    12.90000       51.20000       -3.00000             4.50000
    13.00000       50.90000       -3.00000             4.50000
    13.10000       50.60000       -3.00000             4.50000
    13.20000       50.30000       -3.00000             4.50000
    13.30000       50.00000       -3.00000             4.50000
    13.40000       49.70000       -3.00000             4.50000
    13.50000       49.40000       -3.00000             4.50000
    13.60000       49.10000       -3.00000             4.50000
    13.70000       48.80000       -3.00000             4.50000
    13.80000       48.50000       -3.00000             4.50000
    13.90000       48.20000       -3.00000             4.50000
    14.00000       47.90000       -3.00000             4.50000
    14.10000       47.60000       -3.00000             4.50000
    14.20000       47.30000       -3.00000             4.50000
    14.30000       47.00000       -3.00000             4.50000
    14.40000       46.70000       -3.00000             4.50000
    14.50000       46.40000       -3.00000             4.50000
    14.60000       46.10000       -3.00000             4.50000
    14.70000       45.80000       -3.00000             4.50000
    14.80000       45.50000       -3.00000             4.50000
    14.90000       45.20000       -3.00000             4.50000
    15.00000       44.90000       -3.00000             4.50000
    15.10000       44.60000       -3.00000             4.50000
    15.20000       44.30000       -3.00000             4.50000
    15.30000       44.00000       -3.00000             4.50000
    15.40000       43.70000       -3.00000             4.50000
    15.50000       43.40000       -3.00000             4.50000
    15.60000       43.10000       -3.00000             4.50000
    15.70000       42.80000       -3.00000             4.50000
    15.80000       42.50000       -3.00000             4.50000
    15.90000       42.20000       -3.00000             4.50000
    16.00000       41.90000       -3.00000             4.50000
    16.10000       41.60000       -3.00000             4.50000
    16.20000       41.30000       -3.00000             4.50000
    16.30000       41.00000       -3.00000             4.50000
    16.40000       40.70000       -3.00000             4.50000
    16.50000       40.40000       -3.00000             4.50000
    16.60000       40.10000       -3.00000             4.50000
    16.70000       39.80000       -3.00000             4.50000
    16.80000       39.50000       -3.00000             4.50000
    16.90000       39.20000       -3.00000             4.50000
    17.00000       38.90000       -3.00000             4.50000
    17.10000       38.60000       -3.00000             4.50000
    17.20000       38.30000       -3.00000             4.50000
    17.30000       38.00000       -3.00000             4.50000
    17.40000       37.70000       -3.00000             4.50000
    17.50000       37.40000       -3.00000             4.50000
    17.60000       37.10000       -3.00000             4.50000
    17.70000       36.80000       -3.00000             4.50000
    17.80000       36.50000       -3.00000             4.50000
    17.90000       36.20000       -3.00000             4.50000
    18.00000       35.90000       -3.00000             4.50000
    18.10000       35.60000       -3.00000             4.50000
    18.20000       35.30000       -3.00000             4.50000
    18.30000       35.00000       -3.00000             4.50000
    18.40000       34.70000       -3.00000             4.50000
    18.50000       34.40000       -3.00000             4.50000
    18.60000       34.10000       -3.00000             4.50000
    18.70000       33.80000       -3.00000             4.50000
    18.80000       33.50000       -3.00000             4.50000
    18.90000       33.20000       -3.00000             4.50000
    19.00000       32.90000       -3.00000             4.50000
    19.10000       32.60000       -3.00000             4.50000
    19.20000       32.30000       -3.00000             4.50000
    19.30000       32.00000       -3.00000             4.50000
    19.40000       31.70000       -3.00000             4.50000
    19.50000       31.40000       -3.00000             4.50000
    19.60000       31.10000       -3.00000             4.50000
    19.70000       30.80000       -3.00000             4.50000
    19.80000       30.50000       -3.00000             4.50000
    19.90000       30.20000       -3.00000             4.50000
    20.00000       29.90000       -3.00000             4.50000
    20.10000       29.60000       -3.00000             4.50000
    20.20000       29.30000       -3.00000             4.50000
    20.30000       29.00000       -3.00000             4.50000
    20.40000       28.70000       -3.00000             4.50000
    20.50000       28.40000       -3.00000             4.50000
    20.60000       28.10000       -3.00000             4.50000
    20.70000       27.80000       -3.00000             4.50000
    20.80000       27.50000       -3.00000             4.50000
    20.90000       27.20000       -3.00000             4.50000
    21.00000       26.90000       -3.00000             4.50000
    21.10000       26.60000       -3.00000             4.50000
    21.20000       26.30000       -3.00000             4.50000
    21.30000       26.00000       -3.00000             4.50000
    21.40000       25.70000       -3.00000             4.50000
    21.50000       25.40000       -3.00000             4.50000
    21.60000       25.10000       -3.00000             4.50000
    21.70000       24.80000       -3.00000             4.50000
    21.80000       24.50000       -3.00000             4.50000
    21.90000       24.20000       -3.00000             4.50000
    22.00000       23.90000       -3.00000             4.50000
    22.10000       23.60000       -3.00000             4.50000
    22.20000       23.30000       -3.00000             4.50000
    22.30000       23.00000       -3.00000             4.50000
    22.40000       22.70000       -3.00000             4.50000
    22.50000       22.40000       -3.00000             4.50000
    22.60000       22.10000       -3.00000             4.50000
    22.70000       21.80000       -3.00000             4.50000
    22.80000       21.50000       -3.00000             4.50000
    22.90000       21.20000       -3.00000             4.50000
    23.00000       20.90000       -3.00000             4.50000
    23.10000       20.60000       -3.00000             4.50000
    23.20000       20.30000       -3.00000             4.50000
    23.30000       20.00000       -3.00000             4.50000
    23.40000       19.70000       -3.00000             4.50000
    23.50000       19.40000       -3.00000             4.50000
    23.60000       19.10000       -3.00000             4.50000
    23.70000       18.80000       -3.00000             4.50000
    23.80000       18.50000       -3.00000             4.50000
    23.90000       18.20000       -3.00000             4.50000
    24.00000       17.90000       -3.00000             4.50000
    24.10000       17.60000       -3.00000             4.50000
    24.20000       17.30000       -3.00000             4.50000
    24.30000       17.00000       -3.00000             4.50000
    24.40000       16.70000       -3.00000             4.50000
    24.50000       16.40000       -3.00000             4.50000
    24.60000       16.10000       -3.00000             4.50000
    24.70000       15.80000       -3.00000             4.50000
    24.80000       15.50000       -3.00000             4.50000
    24.90000       15.20000       -3.00000             4.50000
    25.00000       14.90000       -3.00000             4.50000
    25.10000       14.60000       -3.00000             4.50000
    25.20000       14.30000       -3.00000             4.50000
    25.30000       14.00000       -3.00000             4.50000
    25.40000       13.70000       -3.00000             4.50000
    25.50000       13.40000       -3.00000             4.50000
    25.60000       13.10000       -3.00000             4.50000
    25.70000       12.80000       -3.00000             4.50000
    25.80000       12.50000       -3.00000             4.50000
    25.90000       12.20000       -3.00000             4.50000
    26.00000       11.90000       -3.00000             4.50000
    26.10000       11.60000       -3.00000             4.50000
    26.20000       11.30000       -3.00000             4.50000
    26.30000       11.00000       -3.00000             4.50000
    26.40000       10.70000       -3.00000             4.50000
    26.50000       10.40000       -3.00000             4.50000
    26.60000       10.10000       -3.00000             4.50000
    26.70000        9.80000       -3.00000             4.50000
    26.80000        9.50000       -3.00000             4.50000
    26.90000        9.20000       -3.00000             4.50000
    27.00000        8.90000       -3.00000             4.50000
    27.10000        8.60000       -3.00000             4.50000
    27.20000        8.30000       -3.00000             4.50000
    27.30000        8.00000       -3.00000             4.50000
    27.40000        7.70000       -3.00000             4.50000
    27.50000        7.40000       -3.00000             4.50000
    27.60000        7.10000       -3.00000             4.50000
    27.70000        6.80000       -3.00000             4.50000
    27.80000        6.50000       -3.00000             4.50000
    27.90000        6.20000       -3.00000             4.50000
    28.00000        5.90000       -3.00000             4.50000
    28.10000        5.60000       -3.00000             4.50000
    28.20000        5.30000       -3.00000             4.50000
    28.30000        5.00000       -3.00000             4.50000
    28.40000        4.70000       -3.00000             4.50000
    28.50000        4.40000       -3.00000             4.50000
    28.60000        4.10000       -3.00000             4.50000
    28.70000        3.80000       -3.00000             4.50000
    28.80000        3.50000       -3.00000             4.50000
    28.90000        3.20000       -3.00000             4.50000
    29.00000        2.90000       -3.00000             4.50000
    29.10000        2.60000       -3.00000             4.50000
    29.20000        2.30000       -3.00000             4.50000
    29.30000        2.00000       -3.00000             4.50000
    29.40000        1.70000       -3.00000             4.50000
    29.50000        1.40000       -3.00000             4.50000
    29.60000        1.10000       -3.00000             4.50000
    29.70000        0.80000       -3.00000             4.50000
    29.80000        0.50000       -3.00000             4.50000
    29.90000        0.20000       -3.00000             4.50000
    30.00000        0.00000        1.80000             1.62000
    30.10000        0.18000        1.80000             1.62000
    30.20000        0.36000        1.80000             1.62000
    30.30000        0.54000        1.80000             1.62000
    30.40000        0.72000        1.80000             1.62000
    30.50000        0.90000        1.80000             1.62000
    30.60000        1.08000        1.80000             1.62000
    30.70000        1.26000        1.80000             1.62000
    30.80000        1.44000        1.80000             1.62000
    30.90000        1.62000        1.80000             1.62000
    31.00000        1.80000        1.80000             1.62000
    31.10000        1.98000        1.80000             1.62000
    31.20000        2.16000        1.80000             1.62000
    31.30000        2.34000        1.80000             1.62000
    31.40000        2.52000        1.80000             1.62000
    31.50000        2.70000        1.80000             1.62000
    31.60000        2.88000        1.80000             1.62000
    31.70000        3.06000        1.80000             1.62000
    31.80000        3.24000        1.80000             1.62000
    31.90000        3.42000        1.80000             1.62000
    32.00000        3.60000        1.80000             1.62000
    32.10000        3.78000        1.80000             1.62000
    32.20000        3.96000        1.80000             1.62000
    32.30000        4.14000        1.80000             1.62000
    32.40000        4.32000        1.80000             1.62000
    32.50000        4.50000        1.80000             1.62000
    32.60000        4.68000        1.80000             1.62000
    32.70000        4.86000        1.80000             1.62000
    32.80000        5.04000        1.80000             1.62000
    32.90000        5.22000        1.80000             1.62000
    33.00000        5.40000        1.80000             1.62000
    33.10000        5.58000        1.80000             1.62000
    33.20000        5.76000        1.80000             1.62000
    33.30000        5.94000        1.80000             1.62000
    33.40000        6.12000        1.80000             1.62000
    33.50000        6.30000        1.80000             1.62000
    33.60000        6.48000        1.80000             1.62000
    33.70000        6.66000        1.80000             1.62000
    33.80000        6.84000        1.80000             1.62000
    33.90000        7.02000        1.80000             1.62000
    34.00000        7.20000        1.80000             1.62000
    34.10000        7.38000        1.80000             1.62000
    34.20000        7.56000        1.80000             1.62000
    34.30000        7.74000        1.80000             1.62000
    34.40000        7.92000        1.80000             1.62000
    34.50000        8.10000        1.80000             1.62000
    34.60000        8.28000        1.80000             1.62000
    34.70000        8.46000        1.80000             1.62000
    34.80000        8.64000        1.80000             1.62000
    34.90000        8.82000        1.80000             1.62000
    35.00000        9.00000        1.80000             1.62000
    35.10000        9.18000        1.80000             1.62000
    35.20000        9.36000        1.80000             1.62000
    35.30000        9.54000        1.80000             1.62000
    35.40000        9.72000        1.80000             1.62000
    35.50000        9.90000        1.80000             1.62000
    35.60000       10.08000        1.80000             1.62000
    35.70000       10.26000        1.80000             1.62000
    35.80000       10.44000        1.80000             1.62000
    35.90000       10.62000        1.80000             1.62000
    36.00000       10.80000        1.80000             1.62000
    36.10000       10.98000        1.80000             1.62000
    36.20000       11.16000        1.80000             1.62000
    36.30000       11.34000        1.80000             1.62000
    36.40000       11.52000        1.80000             1.62000
    36.50000       11.70000        1.80000             1.62000
    36.60000       11.88000        1.80000             1.62000
    36.70000       12.06000        1.80000             1.62000
    36.80000       12.24000        1.80000             1.62000
    36.90000       12.42000        1.80000             1.62000
    37.00000       12.60000        1.80000             1.62000
    37.10000       12.78000        1.80000             1.62000
    37.20000       12.96000        1.80000             1.62000
    37.30000       13.14000        1.80000             1.62000
    37.40000       13.32000        1.80000             1.62000
    37.50000       13.50000        1.80000             1.62000
    37.60000       13.68000        1.80000             1.62000
    37.70000       13.86000        1.80000             1.62000
    37.80000       14.04000        1.80000             1.62000
    37.90000       14.22000        1.80000             1.62000
    38.00000       14.40000        1.80000             1.62000
    38.10000       14.58000        1.80000             1.62000
    38.20000       14.76000        1.80000             1.62000
    38.30000       14.94000        1.80000             1.62000
    38.40000       15.12000        1.80000             1.62000
    38.50000       15.30000        1.80000             1.62000
    38.60000       15.48000        1.80000             1.62000
    38.70000       15.66000        1.80000             1.62000
    38.80000       15.84000        1.80000             1.62000
    38.90000       16.02000        1.80000             1.62000
    39.00000       16.20000        1.80000             1.62000
    39.10000       16.38000        1.80000             1.62000
    39.20000       16.56000        1.80000             1.62000
    39.30000       16.74000        1.80000             1.62000
    39.40000       16.92000        1.80000             1.62000
    39.50000       17.10000        1.80000             1.62000
    39.60000       17.28000        1.80000             1.62000
    39.70000       17.46000        1.80000             1.62000
    39.80000       17.64000        1.80000             1.62000
    39.90000       17.82000        1.80000             1.62000
    40.00000       18.00000        1.80000             1.62000
    40.10000       18.18000        1.80000             1.62000
    40.20000       18.36000        1.80000             1.62000
    40.30000       18.54000        1.80000             1.62000
    40.40000       18.72000        1.80000             1.62000
    40.50000       18.90000        1.80000             1.62000
    40.60000       19.08000        1.80000             1.62000
    40.70000       19.26000        1.80000             1.62000
    40.80000       19.44000        1.80000             1.62000
    40.90000       19.62000        1.80000             1.62000
    41.00000       19.80000        1.80000             1.62000
    41.10000       19.98000        1.80000             1.62000
    41.20000       20.16000        1.80000             1.62000
    41.30000       20.34000        1.80000             1.62000
    41.40000       20.52000        1.80000             1.62000
    41.50000       20.70000        1.80000             1.62000
    41.60000       20.88000        1.80000             1.62000
    41.70000       21.06000        1.80000             1.62000
    41.80000       21.24000        1.80000             1.62000
    41.90000       21.42000        1.80000             1.62000
    42.00000       21.60000        1.80000             1.62000
    42.10000       21.78000        1.80000             1.62000
    42.20000       21.96000        1.80000             1.62000
    42.30000       22.14000        1.80000             1.62000
    42.40000       22.32000        1.80000             1.62000
    42.50000       22.50000        1.80000             1.62000
    42.60000       22.68000        1.80000             1.62000
    42.70000       22.86000        1.80000             1.62000
    42.80000       23.04000        1.80000             1.62000
    42.90000       23.22000        1.80000             1.62000
    43.00000       23.40000        1.80000             1.62000
    43.10000       23.58000        1.80000             1.62000
    43.20000       23.76000        1.80000             1.62000
    43.30000       23.94000        1.80000             1.62000
    43.40000       24.12000        1.80000             1.62000
    43.50000       24.30000        1.80000             1.62000
    43.60000       24.48000        1.80000             1.62000
    43.70000       24.66000        1.80000             1.62000
    43.80000       24.84000        1.80000             1.62000
    43.90000       25.02000        1.80000             1.62000
    44.00000       25.20000        1.80000             1.62000
    44.10000       25.38000        1.80000             1.62000
    44.20000       25.56000        1.80000             1.62000
    44.30000       25.74000        1.80000             1.62000
    44.40000       25.92000        1.80000             1.62000
    44.50000       26.10000        1.80000             1.62000
    44.60000       26.28000        1.80000             1.62000
    44.70000       26.46000        1.80000             1.62000
    44.80000       26.64000        1.80000             1.62000
    44.90000       26.82000        1.80000             1.62000
    45.00000       27.00000        1.80000             1.62000
    45.10000       27.18000        1.80000             1.62000
    45.20000       27.36000        1.80000             1.62000
    45.30000       27.54000        1.80000             1.62000
    45.40000       27.72000        1.80000             1.62000
    45.50000       27.90000        1.80000             1.62000
    45.60000       28.08000        1.80000             1.62000
    45.70000       28.26000        1.80000             1.62000
    45.80000       28.44000        1.80000             1.62000
    45.90000       28.62000        1.80000             1.62000
    46.00000       28.80000        1.80000             1.62000
    46.10000       28.98000        1.80000             1.62000
    46.20000       29.16000        1.80000             1.62000
    46.30000       29.34000        1.80000             1.62000
    46.40000       29.52000        1.80000             1.62000
    46.50000       29.70000        1.80000             1.62000
    46.60000       29.88000        1.80000             1.62000
    46.70000       30.06000        1.80000             1.62000
    46.80000       30.24000        1.80000             1.62000
    46.90000       30.42000        1.80000             1.62000
    47.00000       30.60000        1.80000             1.62000
    47.10000       30.78000        1.80000             1.62000
    47.20000       30.96000        1.80000             1.62000
    47.30000       31.14000        1.80000             1.62000
    47.40000       31.32000        1.80000             1.62000
    47.50000       31.50000        1.80000             1.62000
    47.60000       31.68000        1.80000             1.62000
    47.70000       31.86000        1.80000             1.62000
    47.80000       32.04000        1.80000             1.62000
    47.90000       32.22000        1.80000             1.62000
    48.00000       32.40000        1.80000             1.62000
    48.10000       32.58000        1.80000             1.62000
    48.20000       32.76000        1.80000             1.62000
    48.30000       32.94000        1.80000             1.62000
    48.40000       33.12000        1.80000             1.62000
    48.50000       33.30000        1.80000             1.62000
    48.60000       33.48000        1.80000             1.62000
    48.70000       33.66000        1.80000             1.62000
    48.80000       33.84000        1.80000             1.62000
    48.90000       34.02000        1.80000             1.62000
    49.00000       34.20000        1.80000             1.62000
    49.10000       34.38000        1.80000             1.62000
    49.20000       34.56000        1.80000             1.62000
    49.30000       34.74000        1.80000             1.62000
    49.40000       34.92000        1.80000             1.62000
    49.50000       35.10000        1.80000             1.62000
    49.60000       35.28000        1.80000             1.62000
    49.70000       35.46000        1.80000             1.62000
    49.80000       35.64000        1.80000             1.62000
    49.90000       35.82000        1.80000             1.62000
    50.00000       36.00000        1.80000             1.62000
    50.10000       36.18000        1.80000             1.62000
    50.20000       36.36000        1.80000             1.62000
    50.30000       36.54000        1.80000             1.62000
    50.40000       36.72000        1.80000             1.62000
    50.50000       36.90000        1.80000             1.62000
    50.60000       37.08000        1.80000             1.62000
    50.70000       37.26000        1.80000             1.62000
    50.80000       37.44000        1.80000             1.62000
    50.90000       37.62000        1.80000             1.62000
    51.00000       37.80000        1.80000             1.62000
    51.10000       37.98000        1.80000             1.62000
    51.20000       38.16000        1.80000             1.62000
    51.30000       38.34000        1.80000             1.62000
    51.40000       38.52000        1.80000             1.62000
    51.50000       38.70000        1.80000             1.62000
    51.60000       38.88000        1.80000             1.62000
    51.70000       39.06000        1.80000             1.62000
    51.80000       39.24000        1.80000             1.62000
    51.90000       39.42000        1.80000             1.62000
    52.00000       39.60000        1.80000             1.62000
    52.10000       39.78000        1.80000             1.62000
    52.20000       39.96000        1.80000             1.62000
    52.30000       40.14000        1.80000             1.62000
    52.40000       40.32000        1.80000             1.62000
    52.50000       40.50000        1.80000             1.62000
    52.60000       40.68000        1.80000             1.62000
    52.70000       40.86000        1.80000             1.62000
    52.80000       41.04000        1.80000             1.62000
    52.90000       41.22000        1.80000             1.62000
    53.00000       41.40000        1.80000             1.62000
    53.10000       41.58000        1.80000             1.62000
    53.20000       41.76000        1.80000             1.62000
    53.30000       41.94000        1.80000             1.62000
    53.40000       42.12000        1.80000             1.62000
    53.50000       42.30000        1.80000             1.62000
    53.60000       42.48000        1.80000             1.62000
    53.70000       42.66000        1.80000             1.62000
    53.80000       42.84000        1.80000             1.62000
    53.90000       43.02000        1.80000             1.62000
    54.00000       43.20000        1.80000             1.62000
    54.10000       43.38000        1.80000             1.62000
    54.20000       43.56000        1.80000             1.62000
    54.30000       43.74000        1.80000             1.62000
    54.40000       43.92000        1.80000             1.62000
    54.50000       44.10000        1.80000             1.62000
    54.60000       44.28000        1.80000             1.62000
    54.70000       44.46000        1.80000             1.62000
    54.80000       44.64000        1.80000             1.62000
    54.90000       44.82000        1.80000             1.62000
    55.00000       45.00000        1.80000             1.62000
    55.10000       45.18000        1.80000             1.62000
    55.20000       45.36000        1.80000             1.62000
    55.30000       45.54000        1.80000             1.62000
    55.40000       45.72000        1.80000             1.62000
    55.50000       45.90000        1.80000             1.62000
    55.60000       46.08000        1.80000             1.62000
    55.70000       46.26000        1.80000             1.62000
    55.80000       46.44000        1.80000             1.62000
    55.90000       46.62000        1.80000             1.62000
    56.00000       46.80000        1.80000             1.62000
    56.10000       46.98000        1.80000             1.62000
    56.20000       47.16000        1.80000             1.62000
    56.30000       47.34000        1.80000             1.62000
    56.40000       47.52000        1.80000             1.62000
    56.50000       47.70000        1.80000             1.62000
    56.60000       47.88000        1.80000             1.62000
    56.70000       48.06000        1.80000             1.62000
    56.80000       48.24000        1.80000             1.62000
    56.90000       48.42000        1.80000             1.62000
    57.00000       48.60000        1.80000             1.62000
    57.10000       48.78000        1.80000             1.62000
    57.20000       48.96000        1.80000             1.62000
    57.30000       49.14000        1.80000             1.62000
    57.40000       49.32000        1.80000             1.62000
    57.50000       49.50000        1.80000             1.62000
    57.60000       49.68000        1.80000             1.62000
    57.70000       49.86000        1.80000             1.62000
    57.80000       50.04000        1.80000             1.62000
    57.90000       50.22000        1.80000             1.62000
    58.00000       50.40000        1.80000             1.62000
    58.10000       50.58000        1.80000             1.62000
    58.20000       50.76000        1.80000             1.62000
    58.30000       50.94000        1.80000             1.62000
    58.40000       51.12000        1.80000             1.62000
    58.50000       51.30000        1.80000             1.62000
    58.60000       51.48000        1.80000             1.62000
    58.70000       51.66000        1.80000             1.62000
    58.80000       51.84000        1.80000             1.62000
    58.90000       52.02000        1.80000             1.62000
    59.00000       52.20000        1.80000             1.62000
    59.10000       52.38000        1.80000             1.62000
    59.20000       52.56000        1.80000             1.62000
    59.30000       52.74000        1.80000             1.62000
    59.40000       52.92000        1.80000             1.62000
    59.50000       53.10000        1.80000             1.62000
    59.60000       53.28000        1.80000             1.62000
    59.70000       53.46000        1.80000             1.62000
    59.80000       53.64000        1.80000             1.62000
    59.90000       53.82000        1.80000             1.62000
    60.00000       54.00000        1.80000             1.62000
    60.10000       54.18000        1.80000             1.62000
    60.20000       54.36000        1.80000             1.62000
    60.30000       54.54000        1.80000             1.62000
    60.40000       54.72000        1.80000             1.62000
    60.50000       54.90000        1.80000             1.62000
    60.60000       55.08000        1.80000             1.62000
    60.70000       55.26000        1.80000             1.62000
    60.80000       55.44000        1.80000             1.62000
    60.90000       55.62000        1.80000             1.62000
    61.00000       55.80000        1.80000             1.62000
    61.10000       55.98000        1.80000             1.62000
    61.20000       56.00000       -1.08000             0.58320
    61.30000       55.89200       -1.08000             0.58320
    61.40000       55.78400       -1.08000             0.58320
    61.50000       55.67600       -1.08000             0.58320
    61.60000       55.56800       -1.08000             0.58320
    61.70000       55.46000       -1.08000             0.58320
    61.80000       55.35200       -1.08000             0.58320
    61.90000       55.24400       -1.08000             0.58320
    62.00000       55.13600       -1.08000             0.58320
    62.10000       55.02800       -1.08000             0.58320
    62.20000       54.92000       -1.08000             0.58320
    62.30000       54.81200       -1.08000             0.58320
    62.40000       54.70400       -1.08000             0.58320
    62.50000       54.59600       -1.08000             0.58320
    62.60000       54.48800       -1.08000             0.58320
    62.70000       54.38000       -1.08000             0.58320
    62.80000       54.27200       -1.08000             0.58320
    62.90000       54.16400       -1.08000             0.58320
    63.00000       54.05600       -1.08000             0.58320
    63.10000       53.94800       -1.08000             0.58320
    63.20000       53.84000       -1.08000             0.58320
    63.30000       53.73200       -1.08000             0.58320
    63.40000       53.62400       -1.08000             0.58320
    63.50000       53.51600       -1.08000             0.58320
    63.60000       53.40800       -1.08000             0.58320
    63.70000       53.30000       -1.08000             0.58320
    63.80000       53.19200       -1.08000             0.58320
    63.90000       53.08400       -1.08000             0.58320
    64.00000       52.97600       -1.08000             0.58320
    64.10000       52.86800       -1.08000             0.58320
    64.20000       52.76000       -1.08000             0.58320
    64.30000       52.65200       -1.08000             0.58320
    64.40000       52.54400       -1.08000             0.58320
    64.50000       52.43600       -1.08000             0.58320
    64.60000       52.32800       -1.08000             0.58320
    64.70000       52.22000       -1.08000             0.58320
    64.80000       52.11200       -1.08000             0.58320
    64.90000       52.00400       -1.08000             0.58320
    65.00000       51.89600       -1.08000             0.58320
    65.10000       51.78800       -1.08000             0.58320
    65.20000       51.68000       -1.08000             0.58320
    65.30000       51.57200       -1.08000             0.58320
    65.40000       51.46400       -1.08000             0.58320
    65.50000       51.35600       -1.08000             0.58320
    65.60000       51.24800       -1.08000             0.58320
    65.70000       51.14000       -1.08000             0.58320
    65.80000       51.03200       -1.08000             0.58320
    65.90000       50.92400       -1.08000             0.58320
    66.00000       50.81600       -1.08000             0.58320
    66.10000       50.70800       -1.08000             0.58320
    66.20000       50.60000       -1.08000             0.58320
    66.30000       50.49200       -1.08000             0.58320
    66.40000       50.38400       -1.08000             0.58320
    66.50000       50.27600       -1.08000             0.58320
    66.60000       50.16800       -1.08000             0.58320
    66.70000       50.06000       -1.08000             0.58320
    66.80000       49.95200       -1.08000             0.58320
    66.90000       49.84400       -1.08000             0.58320
    67.00000       49.73600       -1.08000             0.58320
    67.10000       49.62800       -1.08000             0.58320
    67.20000       49.52000       -1.08000             0.58320
    67.30000       49.41200       -1.08000             0.58320
    67.40000       49.30400       -1.08000             0.58320
    67.50000       49.19600       -1.08000             0.58320
    67.60000       49.08800       -1.08000             0.58320
    67.70000       48.98000       -1.08000             0.58320
    67.80000       48.87200       -1.08000             0.58320
    67.90000       48.76400       -1.08000             0.58320
    68.00000       48.65600       -1.08000             0.58320
    68.10000       48.54800       -1.08000             0.58320
    68.20000       48.44000       -1.08000             0.58320
    68.30000       48.33200       -1.08000             0.58320
    68.40000       48.22400       -1.08000             0.58320
    68.50000       48.11600       -1.08000             0.58320
    68.60000       48.00800       -1.08000             0.58320
    68.70000       47.90000       -1.08000             0.58320
    68.80000       47.79200       -1.08000             0.58320
    68.90000       47.68400       -1.08000             0.58320
    69.00000       47.57600       -1.08000             0.58320
    69.10000       47.46800       -1.08000             0.58320
    69.20000       47.36000       -1.08000             0.58320
    69.30000       47.25200       -1.08000             0.58320
    69.40000       47.14400       -1.08000             0.58320
    69.50000       47.03600       -1.08000             0.58320
    69.60000       46.92800       -1.08000             0.58320
    69.70000       46.82000       -1.08000             0.58320
    69.80000       46.71200       -1.08000             0.58320
    69.90000       46.60400       -1.08000             0.58320
    70.00000       46.49600       -1.08000             0.58320
    70.10000       46.38800       -1.08000             0.58320
    70.20000       46.28000       -1.08000             0.58320
    70.30000       46.17200       -1.08000             0.58320
    70.40000       46.06400       -1.08000             0.58320
    70.50000       45.95600       -1.08000             0.58320
    70.60000       45.84800       -1.08000             0.58320
    70.70000       45.74000       -1.08000             0.58320
    70.80000       45.63200       -1.08000             0.58320
    70.90000       45.52400       -1.08000             0.58320
    71.00000       45.41600       -1.08000             0.58320
    71.10000       45.30800       -1.08000             0.58320
    71.20000       45.20000       -1.08000             0.58320
    71.30000       45.09200       -1.08000             0.58320
    71.40000       44.98400       -1.08000             0.58320
    71.50000       44.87600       -1.08000             0.58320
    71.60000       44.76800       -1.08000             0.58320
    71.70000       44.66000       -1.08000             0.58320
    71.80000       44.55200       -1.08000             0.58320
    71.90000       44.44400       -1.08000             0.58320
    72.00000       44.33600       -1.08000             0.58320
    72.10000       44.22800       -1.08000             0.58320
    72.20000       44.12000       -1.08000             0.58320
    72.30000       44.01200       -1.08000             0.58320
    72.40000       43.90400       -1.08000             0.58320
    72.50000       43.79600       -1.08000             0.58320
    72.60000       43.68800       -1.08000             0.58320
    72.70000       43.58000       -1.08000             0.58320
    72.80000       43.47200       -1.08000             0.58320
    72.90000       43.36400       -1.08000             0.58320
    73.00000       43.25600       -1.08000             0.58320
    73.10000       43.14800       -1.08000             0.58320
    73.20000       43.04000       -1.08000             0.58320
    73.30000       42.93200       -1.08000             0.58320
    73.40000       42.82400       -1.08000             0.58320
    73.50000       42.71600       -1.08000             0.58320
    73.60000       42.60800       -1.08000             0.58320
    73.70000       42.50000       -1.08000             0.58320
    73.80000       42.39200       -1.08000             0.58320
    73.90000       42.28400       -1.08000             0.58320
    74.00000       42.17600       -1.08000             0.58320
    74.10000       42.06800       -1.08000             0.58320
    74.20000       41.96000       -1.08000             0.58320
    74.30000       41.85200       -1.08000             0.58320
    74.40000       41.74400       -1.08000             0.58320
    74.50000       41.63600       -1.08000             0.58320
    74.60000       41.52800       -1.08000             0.58320
    74.70000       41.42000       -1.08000             0.58320
    74.80000       41.31200       -1.08000             0.58320
    74.90000       41.20400       -1.08000             0.58320
    75.00000       41.09600       -1.08000             0.58320
    75.10000       40.98800       -1.08000             0.58320
    75.20000       40.88000       -1.08000             0.58320
    75.30000       40.77200       -1.08000             0.58320
    75.40000       40.66400       -1.08000             0.58320
    75.50000       40.55600       -1.08000             0.58320
    75.60000       40.44800       -1.08000             0.58320
    75.70000       40.34000       -1.08000             0.58320
    75.80000       40.23200       -1.08000             0.58320
    75.90000       40.12400       -1.08000             0.58320
    76.00000       40.01600       -1.08000             0.58320
    76.10000       39.90800       -1.08000             0.58320
    76.20000       39.80000       -1.08000             0.58320
    76.30000       39.69200       -1.08000             0.58320
    76.40000       39.58400       -1.08000             0.58320
    76.50000       39.47600       -1.08000             0.58320
    76.60000       39.36800       -1.08000             0.58320
    76.70000       39.26000       -1.08000             0.58320
    76.80000       39.15200       -1.08000             0.58320
    76.90000       39.04400       -1.08000             0.58320
    77.00000       38.93600       -1.08000             0.58320
