0 0.9 0.5
0.01 0.905 0.506
0.02 0.91 0.512
0.03 0.915 0.518
0.04 0.92 0.524
0.05 0.925 0.53
0.06 0.93 0.536
0.07 0.935 0.542
0.08 0.94 0.548
0.09 0.945 0.554
0.1 0.95 0.56
0.11 0.955 0.566
0.12 0.96 0.572
0.13 0.965 0.578
0.14 0.97 0.584
0.15 0.975 0.59
0.16 0.98 0.596
0.17 0.985 0.602
0.18 0.99 0.608
0.19 0.995 0.614
0.2 1 0.62
0.21 1.005 0.626
0.22 1.01 0.632
0.23 1.015 0.638
0.24 1.02 0.644
0.25 1.025 0.65
0.26 1.03 0.656
0.27 1.035 0.662
0.28 1.04 0.668
0.29 1.045 0.674
0.3 1.05 0.68
0.31 1.055 0.686
0.32 1.06 0.692
0.33 1.065 0.698
0.34 1.07 0.704
0.35 1.075 0.71
0.36 1.08 0.716
0.37 1.085 0.722
0.38 1.09 0.728
0.39 1.095 0.734
0.4 1.1 0.74
0.41 1.105 0.746
0.42 1.11 0.752
0.43 1.115 0.758
0.44 1.12 0.764
0.45 1.125 0.77
0.46 1.13 0.776
0.47 1.135 0.782
0.48 1.14 0.788
0.49 1.145 0.794
0.5 1.15 0.8
0.51 1.155 0.806
0.52 1.16 0.812
0.53 1.165 0.818
0.54 1.17 0.824
0.55 1.175 0.83
0.56 1.18 0.836
0.57 1.185 0.842
0.58 1.19 0.848
0.59 1.195 0.854
0.6 1.2 0.86
0.61 1.205 0.866
0.62 1.21 0.872
0.63 1.215 0.878
0.64 1.22 0.884
0.65 1.225 0.89
0.66 1.23 0.896
0.67 1.235 0.902
0.68 1.24 0.908
0.69 1.245 0.914
0.7 1.25 0.92
0.71 1.255 0.926
0.72 1.26 0.932
0.73 1.265 0.938
0.74 1.27 0.944
0.75 1.275 0.95
0.76 1.28 0.956
0.77 1.285 0.962
0.78 1.29 0.968
0.79 1.295 0.974
0.8 1.3 0.98
0.81 1.305 0.986
0.82 1.31 0.992
0.83 1.315 0.998
0.84 1.32 1.004
0.85 1.325 1.01
0.86 1.33 1.016
0.87 1.335 1.022
0.88 1.34 1.028
0.89 1.345 1.034
0.9 1.35 1.04
0.91 1.355 1.046
0.92 1.36 1.052
0.93 1.365 1.058
0.94 1.37 1.064
0.95 1.375 1.07
0.96 1.38 1.076
0.97 1.385 1.082
0.98 1.39 1.088
0.99 1.395 1.094
1 1.4 1.1
1.01 1.405 1.106
1.02 1.41 1.112
1.03 1.415 1.118
1.04 1.42 1.124
1.05 1.425 1.13
1.06 1.43 1.136
1.07 1.435 1.142
1.08 1.44 1.148
1.09 1.445 1.154
1.1 1.45 1.16
1.11 1.455 1.166
1.12 1.46 1.172
1.13 1.465 1.178
1.14 1.47 1.184
1.15 1.475 1.19
1.16 1.48 1.196
1.17 1.485 1.202
1.18 1.49 1.208
1.19 1.495 1.214
1.2 1.5 1.22
1.21 1.505 1.226
1.22 1.51 1.232
1.23 1.515 1.238
1.24 1.52 1.244
1.25 1.525 1.25
1.26 1.53 1.256
1.27 1.535 1.262
1.28 1.54 1.268
1.29 1.53816 1.27023
1.3 1.53131 1.26647
1.31 1.52447 1.2627
1.32 1.51763 1.25894
1.33 1.51079 1.25517
1.34 1.50394 1.25141
1.35 1.4971 1.24764
1.36 1.49026 1.24388
1.37 1.48342 1.24011
1.38 1.47657 1.23635
1.39 1.46973 1.23258
1.4 1.46289 1.22882
1.41 1.45605 1.22505
1.42 1.4492 1.22128
1.43 1.44236 1.21752
1.44 1.43552 1.21375
1.45 1.42868 1.20999
1.46 1.42183 1.20622
1.47 1.41499 1.20246
1.48 1.40815 1.19869
1.49 1.4013 1.19493
1.5 1.39446 1.19116
1.51 1.38762 1.1874
1.52 1.38078 1.18363
1.53 1.37393 1.17987
1.54 1.36709 1.1761
1.55 1.36025 1.17233
1.56 1.35341 1.16857
1.57 1.34656 1.1648
1.58 1.33972 1.16104
1.59 1.33288 1.15727
1.6 1.32604 1.15351
1.61 1.31919 1.14974
1.62 1.31235 1.14598
1.63 1.30551 1.14221
1.64 1.29866 1.13845
1.65 1.29182 1.13468
1.66 1.28498 1.13092
1.67 1.27814 1.12715
1.68 1.27129 1.12338
1.69 1.26445 1.11962
1.7 1.25761 1.11585
1.71 1.25077 1.11209
1.72 1.24392 1.10832
1.73 1.23708 1.10456
1.74 1.23024 1.10079
1.75 1.2234 1.09703
1.76 1.21655 1.09326
1.77 1.20971 1.0895
1.78 1.20287 1.08573
1.79 1.19603 1.08196
1.8 1.18918 1.0782
1.81 1.18234 1.07443
1.82 1.1755 1.07067
1.83 1.16865 1.0669
1.84 1.16181 1.06314
1.85 1.15497 1.05937
1.86 1.14813 1.05561
1.87 1.14128 1.05184
1.88 1.13444 1.04808
1.89 1.1276 1.04431
1.9 1.12076 1.04055
1.91 1.11391 1.03678
1.92 1.10707 1.03301
1.93 1.10023 1.02925
1.94 1.09339 1.02548
1.95 1.08654 1.02172
1.96 1.0797 1.01795
1.97 1.07286 1.01419
1.98 1.06601 1.01042
1.99 1.05917 1.00666
2 1.05233 1.00289
2.01 1.04549 0.999126
2.02 1.03864 0.995361
2.03 1.0318 0.991596
2.04 1.02496 0.98783
2.05 1.01812 0.984065
2.06 1.01127 0.980299
2.07 1.00443 0.976534
2.08 0.997588 0.972769
2.09 0.990746 0.969003
2.1 0.983903 0.965238
2.11 0.97706 0.961472
2.12 0.970218 0.957707
2.13 0.963375 0.953942
2.14 0.956532 0.950176
2.15 0.94969 0.946411
2.16 0.942847 0.942645
2.17 0.936004 0.93888
2.18 0.929162 0.935115
2.19 0.922319 0.931349
2.2 0.915476 0.927584
2.21 0.908634 0.923818
2.22 0.901791 0.920053
2.23 0.894949 0.916288
2.24 0.888106 0.912522
2.25 0.881263 0.908757
2.26 0.874421 0.904991
2.27 0.867578 0.901226
2.28 0.860735 0.897461
2.29 0.853893 0.893695
2.3 0.84705 0.88993
2.31 0.840207 0.886165
2.32 0.833365 0.882399
2.33 0.826522 0.878634
2.34 0.819679 0.874868
2.35 0.812837 0.871103
2.36 0.805994 0.867338
2.37 0.799151 0.863572
2.38 0.792309 0.859807
2.39 0.785466 0.856041
2.4 0.778624 0.852276
2.41 0.771781 0.848511
2.42 0.764938 0.844745
2.43 0.758096 0.84098
2.44 0.751253 0.837214
2.45 0.74441 0.833449
2.46 0.737568 0.829684
2.47 0.730725 0.825918
2.48 0.723882 0.822153
2.49 0.71704 0.818387
2.5 0.710197 0.814622
2.51 0.703354 0.810857
2.52 0.696512 0.807091
2.53 0.689669 0.803326
2.54 0.682826 0.79956
2.55 0.675984 0.795795
2.56 0.669141 0.79203
2.57 0.662299 0.788264
2.58 0.655456 0.784499
2.59 0.648613 0.780734
2.6 0.641771 0.776968
2.61 0.634928 0.773203
2.62 0.628085 0.769437
2.63 0.621243 0.765672
2.64 0.6144 0.761907
2.65 0.607557 0.758141
2.66 0.600715 0.754376
2.67 0.593872 0.75061
2.68 0.587029 0.746845
2.69 0.580187 0.74308
2.7 0.573344 0.739314
2.71 0.566501 0.735549
2.72 0.559659 0.731783
2.73 0.552816 0.728018
2.74 0.545974 0.724253
2.75 0.539131 0.720487
2.76 0.532288 0.716722
2.77 0.525446 0.712956
2.78 0.518603 0.709191
2.79 0.51176 0.705426
2.8 0.504918 0.70166
2.81 0.498075 0.697895
2.82 0.491232 0.694129
2.83 0.48439 0.690364
2.84 0.477547 0.686599
2.85 0.470704 0.682833
2.86 0.463862 0.679068
2.87 0.457019 0.675303
2.88 0.450177 0.671537
2.89 0.443334 0.667772
2.9 0.436491 0.664006
2.91 0.429649 0.660241
2.92 0.422806 0.656476
2.93 0.415963 0.65271
2.94 0.409121 0.648945
2.95 0.402278 0.645179
2.96 0.395435 0.641414
2.97 0.388593 0.637649
2.98 0.38175 0.633883
2.99 0.374907 0.630118
3 0.368065 0.626352
3.01 0.361222 0.622587
3.02 0.354379 0.618822
3.03 0.347537 0.615056
3.04 0.340694 0.611291
3.05 0.333852 0.607525
3.06 0.327009 0.60376
3.07 0.320166 0.599995
3.08 0.313324 0.596229
3.09 0.306481 0.592464
3.1 0.299638 0.588698
3.11 0.292796 0.584933
3.12 0.285953 0.581168
3.13 0.27911 0.577402
3.14 0.272268 0.573637
3.15 0.265425 0.569872
3.16 0.258582 0.566106
3.17 0.25174 0.562341
3.18 0.244897 0.558575
3.19 0.238054 0.55481
3.2 0.231212 0.551045
3.21 0.224369 0.547279
3.22 0.217527 0.543514
3.23 0.210684 0.539748
3.24 0.203841 0.535983
3.25 0.196999 0.532218
3.26 0.190156 0.528452
3.27 0.183313 0.524687
3.28 0.176471 0.520921
3.29 0.169628 0.517156
3.3 0.162785 0.513391
3.31 0.155943 0.509625
3.32 0.1491 0.50586
3.33 0.142257 0.502094
3.34 0.135415 0.498329
3.35 0.128572 0.494564
3.36 0.121729 0.490798
3.37 0.114887 0.487033
3.38 0.108044 0.483267
3.39 0.101202 0.479502
3.4 0.0943589 0.475737
3.41 0.0875162 0.471971
3.42 0.0806736 0.468206
3.43 0.0738309 0.464441
3.44 0.0669883 0.460675
3.45 0.0601456 0.45691
3.46 0.053303 0.453144
3.47 0.0509699 0.443002
3.48 0.0554796 0.436625
3.49 0.0599892 0.430249
3.5 0.0644988 0.423872
3.51 0.0690084 0.417495
3.52 0.073518 0.411118
3.53 0.0780276 0.404741
3.54 0.0825372 0.398365
3.55 0.0870468 0.391988
3.56 0.0915564 0.385611
3.57 0.096066 0.379234
3.58 0.100576 0.372857
3.59 0.105085 0.366481
3.6 0.109595 0.360104
3.61 0.114104 0.353727
3.62 0.118614 0.34735
3.63 0.123124 0.340974
3.64 0.127633 0.334597
3.65 0.132143 0.32822
3.66 0.136653 0.321843
3.67 0.141162 0.315466
3.68 0.145672 0.30909
3.69 0.150181 0.302713
3.7 0.154691 0.296336
3.71 0.159201 0.289959
3.72 0.16371 0.283582
3.73 0.16822 0.277206
3.74 0.172729 0.270829
3.75 0.177239 0.264452
3.76 0.181749 0.258075
3.77 0.186258 0.251699
3.78 0.190768 0.245322
3.79 0.195277 0.238945
3.8 0.199787 0.232568
3.81 0.204297 0.226191
3.82 0.208806 0.219815
3.83 0.213316 0.213438
3.84 0.217825 0.207061
3.85 0.222335 0.200684
3.86 0.226845 0.194307
3.87 0.231354 0.187931
3.88 0.235864 0.181554
3.89 0.240374 0.175177
3.9 0.244883 0.1688
3.91 0.249393 0.162423
3.92 0.253902 0.156047
3.93 0.258412 0.14967
3.94 0.262922 0.143293
3.95 0.267431 0.136916
3.96 0.271941 0.13054
3.97 0.27645 0.124163
3.98 0.28096 0.117786
3.99 0.28547 0.111409
4 0.289979 0.105032
4.01 0.294489 0.0986556
4.02 0.298998 0.0922788
4.03 0.303508 0.085902
4.04 0.308018 0.0795252
4.05 0.312527 0.0731484
4.06 0.317037 0.0667716
4.07 0.321546 0.0603949
4.08 0.326056 0.0540181
4.09 0.330566 0.0476413
4.1 0.335075 0.0412645
4.11 0.339585 0.0348877
4.12 0.344095 0.0285109
4.13 0.348604 0.0221341
4.14 0.353114 0.0157573
4.15 0.357623 0.00938055
4.16 0.362133 0.00300376
4.17 0.366643 -0.00337303
4.18 0.371152 -0.00974982
4.19 0.375662 -0.0161266
4.2 0.380171 -0.0225034
4.21 0.384681 -0.0288802
4.22 0.389191 -0.035257
4.23 0.3937 -0.0416338
4.24 0.39821 -0.0480105
4.25 0.402719 -0.0543873
4.26 0.407229 -0.0607641
4.27 0.411739 -0.0671409
4.28 0.416248 -0.0735177
4.29 0.420758 -0.0798945
4.3 0.425267 -0.0862713
4.31 0.429777 -0.0926481
4.32 0.434287 -0.0990249
4.33 0.438796 -0.105402
4.34 0.443306 -0.111778
4.35 0.447816 -0.118155
4.36 0.452325 -0.124532
4.37 0.456835 -0.130909
4.38 0.461344 -0.137286
4.39 0.465854 -0.143662
4.4 0.470364 -0.150039
4.41 0.474873 -0.156416
4.42 0.479383 -0.162793
4.43 0.483892 -0.16917
4.44 0.488402 -0.175546
4.45 0.492912 -0.181923
4.46 0.497421 -0.1883
4.47 0.501931 -0.194677
4.48 0.50644 -0.201053
4.49 0.517944 -0.203954
4.5 0.524938 -0.200478
4.51 0.531932 -0.197002
4.52 0.538926 -0.193526
4.53 0.54592 -0.19005
4.54 0.552914 -0.186574
4.55 0.559908 -0.183098
4.56 0.566902 -0.179622
4.57 0.573897 -0.176146
4.58 0.580891 -0.172669
4.59 0.587885 -0.169193
4.6 0.594879 -0.165717
4.61 0.601873 -0.162241
4.62 0.608867 -0.158765
4.63 0.615861 -0.155289
4.64 0.622855 -0.151813
4.65 0.629849 -0.148337
4.66 0.636843 -0.144861
4.67 0.643837 -0.141385
4.68 0.650831 -0.137909
4.69 0.657825 -0.134433
4.7 0.664819 -0.130956
4.71 0.671813 -0.12748
4.72 0.678807 -0.124004
4.73 0.685802 -0.120528
4.74 0.692796 -0.117052
4.75 0.69979 -0.113576
4.76 0.706784 -0.1101
4.77 0.713778 -0.106624
4.78 0.720772 -0.103148
4.79 0.727766 -0.0996718
4.8 0.73476 -0.0961957
4.81 0.741754 -0.0927196
4.82 0.748748 -0.0892435
4.83 0.755742 -0.0857675
4.84 0.762736 -0.0822914
4.85 0.76973 -0.0788153
4.86 0.776724 -0.0753392
4.87 0.783718 -0.0718631
4.88 0.790712 -0.068387
4.89 0.797706 -0.064911
4.9 0.804701 -0.0614349
4.91 0.811695 -0.0579588
4.92 0.818689 -0.0544827
4.93 0.825683 -0.0510066
4.94 0.832677 -0.0475306
4.95 0.839671 -0.0440545
4.96 0.846665 -0.0405784
4.97 0.853659 -0.0371023
4.98 0.860653 -0.0336262
4.99 0.867647 -0.0301502
5 0.874641 -0.0266741
5.01 0.881635 -0.023198
5.02 0.888629 -0.0197219
5.03 0.895623 -0.0162458
5.04 0.902617 -0.0127698
5.05 0.909611 -0.00929368
5.06 0.916605 -0.0058176
5.07 0.9236 -0.00234152
5.08 0.930594 0.00113456
5.09 0.937588 0.00461064
5.1 0.944582 0.00808672
5.11 0.951576 0.0115628
5.12 0.95857 0.0150389
5.13 0.965564 0.018515
5.14 0.972558 0.021991
5.15 0.979552 0.0254671
5.16 0.986546 0.0289432
5.17 0.99354 0.0324193
5.18 1.00053 0.0358954
5.19 1.00753 0.0393714
5.2 1.01452 0.0428475
5.21 1.02152 0.0463236
5.22 1.02851 0.0497997
5.23 1.0355 0.0532758
5.24 1.0425 0.0567518
5.25 1.04949 0.0602279
5.26 1.05649 0.063704
5.27 1.06348 0.0671801
5.28 1.07047 0.0706562
5.29 1.07747 0.0741322
5.3 1.08446 0.0776083
5.31 1.09146 0.0810844
5.32 1.09845 0.0845605
5.33 1.10545 0.0880366
5.34 1.11244 0.0915126
5.35 1.11943 0.0949887
5.36 1.12643 0.0984648
5.37 1.13342 0.101941
5.38 1.14042 0.105417
5.39 1.14741 0.108893
5.4 1.1544 0.112369
5.41 1.1614 0.115845
5.42 1.16839 0.119321
5.43 1.17539 0.122797
5.44 1.18238 0.126273
5.45 1.18937 0.12975
5.46 1.19637 0.133226
5.47 1.20336 0.136702
5.48 1.21036 0.140178
5.49 1.21735 0.143654
5.5 1.22434 0.14713
5.51 1.23134 0.150606
5.52 1.23833 0.154082
5.53 1.24533 0.157558
5.54 1.25232 0.161034
5.55 1.25931 0.16451
5.56 1.26631 0.167986
5.57 1.2733 0.171462
5.58 1.2803 0.174939
5.59 1.28729 0.178415
5.6 1.29428 0.181891
5.61 1.30128 0.185367
5.62 1.30827 0.188843
5.63 1.31527 0.192319
5.64 1.32226 0.195795
5.65 1.32925 0.199271
5.66 1.33625 0.202747
5.67 1.34324 0.206223
5.68 1.35024 0.209699
5.69 1.35723 0.213175
5.7 1.36423 0.216652
5.71 1.37122 0.220128
5.72 1.37821 0.223604
5.73 1.38521 0.22708
5.74 1.3922 0.230556
5.75 1.3992 0.234032
5.76 1.40619 0.237508
5.77 1.41318 0.240984
5.78 1.42018 0.24446
5.79 1.42717 0.247936
5.8 1.43417 0.251412
5.81 1.44116 0.254888
5.82 1.44815 0.258364
5.83 1.45515 0.261841
5.84 1.46214 0.265317
5.85 1.46914 0.268793
5.86 1.47613 0.272269
5.87 1.48312 0.275745
5.88 1.49012 0.279221
5.89 1.49711 0.282697
5.9 1.50411 0.286173
5.91 1.5111 0.289649
5.92 1.51809 0.293125
5.93 1.52509 0.296601
5.94 1.53208 0.300077
5.95 1.53908 0.303554
5.96 1.54607 0.30703
5.97 1.55306 0.310506
5.98 1.56006 0.313982
5.99 1.56705 0.317458
6 1.57405 0.320934
6.01 1.58104 0.32441
6.02 1.58804 0.327886
6.03 1.59503 0.331362
6.04 1.60202 0.334838
6.05 1.60902 0.338314
6.06 1.61601 0.34179
6.07 1.62301 0.345267
6.08 1.63 0.348743
6.09 1.63699 0.352219
6.1 1.64399 0.355695
6.11 1.65098 0.359171
6.12 1.65798 0.362647
6.13 1.66497 0.366123
6.14 1.67196 0.369599
6.15 1.67896 0.373075
6.16 1.68595 0.376551
6.17 1.69295 0.380027
6.18 1.69994 0.383503
6.19 1.70693 0.386979
6.2 1.71393 0.390456
6.21 1.72092 0.393932
6.22 1.72792 0.397408
6.23 1.73491 0.400884
6.24 1.7419 0.40436
6.25 1.7489 0.407836
6.26 1.75589 0.411312
6.27 1.76289 0.414788
6.28 1.76988 0.418264
6.29 1.77687 0.42174
6.3 1.78387 0.425216
6.31 1.79086 0.428692
6.32 1.79786 0.432169
6.33 1.80485 0.435645
6.34 1.81185 0.439121
6.35 1.81884 0.442597
6.36 1.82583 0.446073
6.37 1.83283 0.449549
6.38 1.83982 0.453025
6.39 1.84682 0.456501
6.4 1.85381 0.459977
6.41 1.8608 0.463453
6.42 1.8678 0.466929
6.43 1.87479 0.470405
6.44 1.88179 0.473881
6.45 1.88878 0.477358
6.46 1.89577 0.480834
6.47 1.90277 0.48431
6.48 1.90976 0.487786
6.49 1.91676 0.491262
6.5 1.92375 0.494738
6.51 1.93074 0.498214
6.52 1.92994 0.501335
6.53 1.92213 0.500981
6.54 1.91433 0.500626
6.55 1.90653 0.500271
6.56 1.89873 0.499916
6.57 1.89092 0.499562
6.58 1.88312 0.499207
6.59 1.87532 0.498852
6.6 1.86752 0.498497
6.61 1.85972 0.498143
6.62 1.85191 0.497788
6.63 1.84411 0.497433
6.64 1.83631 0.497078
6.65 1.82851 0.496724
6.66 1.82071 0.496369
6.67 1.8129 0.496014
6.68 1.8051 0.495659
6.69 1.7973 0.495305
6.7 1.7895 0.49495
6.71 1.78169 0.494595
6.72 1.77389 0.494241
6.73 1.76609 0.493886
6.74 1.75829 0.493531
6.75 1.75049 0.493176
6.76 1.74268 0.492822
6.77 1.73488 0.492467
6.78 1.72708 0.492112
6.79 1.71928 0.491757
6.8 1.71147 0.491403
6.81 1.70367 0.491048
6.82 1.69587 0.490693
6.83 1.68807 0.490338
6.84 1.68027 0.489984
6.85 1.67246 0.489629
6.86 1.66466 0.489274
6.87 1.65686 0.488919
6.88 1.64906 0.488565
6.89 1.64125 0.48821
6.9 1.63345 0.487855
6.91 1.62565 0.4875
6.92 1.61785 0.487146
6.93 1.61005 0.486791
6.94 1.60224 0.486436
6.95 1.59444 0.486081
6.96 1.58664 0.485727
6.97 1.57884 0.485372
6.98 1.57104 0.485017
6.99 1.56323 0.484662
7 1.55543 0.484308
7.01 1.54763 0.483953
7.02 1.53983 0.483598
7.03 1.53202 0.483243
7.04 1.52422 0.482889
7.05 1.51642 0.482534
7.06 1.50862 0.482179
7.07 1.50082 0.481825
7.08 1.49301 0.48147
7.09 1.48521 0.481115
7.1 1.47741 0.48076
7.11 1.46961 0.480406
7.12 1.4618 0.480051
7.13 1.454 0.479696
7.14 1.4462 0.479341
7.15 1.4384 0.478987
7.16 1.4306 0.478632
7.17 1.42279 0.478277
7.18 1.41499 0.477922
7.19 1.40719 0.477568
7.2 1.39939 0.477213
7.21 1.39158 0.476858
7.22 1.38378 0.476503
7.23 1.37598 0.476149
7.24 1.36818 0.475794
7.25 1.36038 0.475439
7.26 1.35257 0.475084
7.27 1.34477 0.47473
7.28 1.33697 0.474375
7.29 1.32917 0.47402
7.3 1.32137 0.473665
7.31 1.31356 0.473311
7.32 1.30576 0.472956
7.33 1.29796 0.472601
7.34 1.29016 0.472246
7.35 1.28235 0.471892
7.36 1.27455 0.471537
7.37 1.26675 0.471182
7.38 1.25895 0.470828
7.39 1.25115 0.470473
7.4 1.24334 0.470118
7.41 1.23554 0.469763
7.42 1.22774 0.469409
7.43 1.21994 0.469054
7.44 1.21213 0.468699
7.45 1.20433 0.468344
7.46 1.19653 0.46799
7.47 1.18873 0.467635
7.48 1.18093 0.46728
7.49 1.17312 0.466925
7.5 1.16532 0.466571
7.51 1.15752 0.466216
7.52 1.14972 0.465861
7.53 1.14191 0.465506
7.54 1.13411 0.465152
7.55 1.12631 0.464797
7.56 1.11851 0.464442
7.57 1.11071 0.464087
7.58 1.1029 0.463733
7.59 1.0951 0.463378
7.6 1.0873 0.463023
7.61 1.0795 0.462668
7.62 1.0717 0.462314
7.63 1.06389 0.461959
7.64 1.05609 0.461604
7.65 1.04829 0.461249
7.66 1.04049 0.460895
7.67 1.03268 0.46054
7.68 1.02488 0.460185
7.69 1.01708 0.45983
7.7 1.00928 0.459476
7.71 1.00148 0.459121
7.72 0.993673 0.458766
7.73 0.985871 0.458412
7.74 0.978069 0.458057
7.75 0.970267 0.457702
7.76 0.962464 0.457347
7.77 0.954662 0.456993
7.78 0.94686 0.456638
7.79 0.939058 0.456283
7.8 0.931256 0.455928
7.81 0.923454 0.455574
7.82 0.915651 0.455219
7.83 0.907849 0.454864
7.84 0.900047 0.454509
7.85 0.892245 0.454155
7.86 0.884443 0.4538
7.87 0.87664 0.453445
7.88 0.868838 0.45309
7.89 0.861036 0.452736
7.9 0.853234 0.452381
7.91 0.845432 0.452026
7.92 0.837629 0.451671
7.93 0.829827 0.451317
7.94 0.822025 0.450962
7.95 0.814223 0.450607
7.96 0.806421 0.450252
7.97 0.798618 0.449898
7.98 0.790816 0.449543
7.99 0.783014 0.449188
8 0.775212 0.448833
8.01 0.76741 0.448479
8.02 0.759608 0.448124
8.03 0.751805 0.447769
8.04 0.744003 0.447414
8.05 0.736201 0.44706
8.06 0.728399 0.446705
8.07 0.720597 0.44635
8.08 0.712794 0.445996
8.09 0.704992 0.445641
8.1 0.69719 0.445286
8.11 0.689388 0.444931
8.12 0.681586 0.444577
8.13 0.673783 0.444222
8.14 0.665981 0.443867
8.15 0.658179 0.443512
8.16 0.650377 0.443158
8.17 0.642575 0.442803
8.18 0.634773 0.442448
8.19 0.62697 0.442093
8.2 0.619168 0.441739
8.21 0.611366 0.441384
8.22 0.603564 0.441029
8.23 0.595762 0.440674
8.24 0.587959 0.44032
8.25 0.580157 0.439965
8.26 0.572355 0.43961
8.27 0.564553 0.439255
8.28 0.556751 0.438901
8.29 0.548948 0.438546
8.3 0.541146 0.438191
8.31 0.533344 0.437836
8.32 0.525542 0.437482
8.33 0.51774 0.437127
8.34 0.509937 0.436772
8.35 0.502135 0.436417
8.36 0.494333 0.436063
8.37 0.486531 0.435708
8.38 0.478729 0.435353
8.39 0.470927 0.434998
8.4 0.463124 0.434644
8.41 0.455322 0.434289
8.42 0.44752 0.433934
8.43 0.439718 0.43358
8.44 0.431916 0.433225
8.45 0.424113 0.43287
8.46 0.416311 0.432515
8.47 0.408509 0.432161
8.48 0.400707 0.431806
8.49 0.392905 0.431451
8.5 0.385102 0.431096
8.51 0.3773 0.430742
8.52 0.369498 0.430387
8.53 0.361696 0.430032
8.54 0.353894 0.429677
8.55 0.346092 0.429323
8.56 0.338289 0.428968
8.57 0.330487 0.428613
8.58 0.322685 0.428258
8.59 0.314883 0.427904
8.6 0.307081 0.427549
8.61 0.299278 0.427194
8.62 0.291476 0.426839
8.63 0.283674 0.426485
8.64 0.275872 0.42613
8.65 0.26807 0.425775
8.66 0.260267 0.42542
8.67 0.252465 0.425066
8.68 0.244663 0.424711
8.69 0.236861 0.424356
8.7 0.229059 0.424001
8.71 0.221256 0.423647
8.72 0.213454 0.423292
8.73 0.205652 0.422937
8.74 0.19785 0.422582
8.75 0.190048 0.422228
8.76 0.182246 0.421873
8.77 0.174443 0.421518
8.78 0.166641 0.421164
8.79 0.158839 0.420809
8.8 0.151037 0.420454
8.81 0.143235 0.420099
8.82 0.135432 0.419745
8.83 0.12763 0.41939
8.84 0.119828 0.419035
8.85 0.112026 0.41868
8.86 0.104224 0.418326
8.87 0.0964215 0.417971
8.88 0.0886193 0.417616
8.89 0.0808171 0.417261
8.9 0.0730149 0.416907
8.91 0.0652127 0.416552
8.92 0.0574105 0.416197
8.93 0.0496083 0.415842
8.94 0.048792 0.411995
8.95 0.0557779 0.408503
8.96 0.0627638 0.40501
8.97 0.0697497 0.401518
8.98 0.0767356 0.398025
8.99 0.0837215 0.394533
9 0.0907074 0.39104
9.01 0.0976933 0.387548
9.02 0.104679 0.384055
9.03 0.111665 0.380563
9.04 0.118651 0.377071
9.05 0.125637 0.373578
9.06 0.132623 0.370086
9.07 0.139609 0.366593
9.08 0.146595 0.363101
9.09 0.15358 0.359608
9.1 0.160566 0.356116
9.11 0.167552 0.352623
9.12 0.174538 0.349131
9.13 0.181524 0.345638
9.14 0.18851 0.342146
9.15 0.195496 0.338653
9.16 0.202482 0.335161
9.17 0.209468 0.331669
9.18 0.216453 0.328176
9.19 0.223439 0.324684
9.2 0.230425 0.321191
9.21 0.237411 0.317699
9.22 0.244397 0.314206
9.23 0.251383 0.310714
9.24 0.258369 0.307221
9.25 0.265355 0.303729
9.26 0.272341 0.300236
9.27 0.279326 0.296744
9.28 0.286312 0.293251
9.29 0.293298 0.289759
9.3 0.300284 0.286267
9.31 0.30727 0.282774
9.32 0.314256 0.279282
9.33 0.321242 0.275789
9.34 0.328228 0.272297
9.35 0.335214 0.268804
9.36 0.3422 0.265312
9.37 0.349185 0.261819
9.38 0.356171 0.258327
9.39 0.363157 0.254834
9.4 0.370143 0.251342
9.41 0.377129 0.247849
9.42 0.384115 0.244357
9.43 0.391101 0.240864
9.44 0.398087 0.237372
9.45 0.405073 0.23388
9.46 0.412058 0.230387
9.47 0.419044 0.226895
9.48 0.42603 0.223402
9.49 0.433016 0.21991
9.5 0.440002 0.216417
9.51 0.446988 0.212925
9.52 0.453974 0.209432
9.53 0.46096 0.20594
9.54 0.467946 0.202447
9.55 0.474931 0.198955
9.56 0.481917 0.195462
9.57 0.488903 0.19197
9.58 0.495889 0.188478
9.59 0.502875 0.184985
9.6 0.509861 0.181493
9.61 0.516847 0.178
9.62 0.523833 0.174508
9.63 0.530819 0.171015
9.64 0.537805 0.167523
9.65 0.54479 0.16403
9.66 0.551776 0.160538
9.67 0.558762 0.157045
9.68 0.565748 0.153553
9.69 0.572734 0.15006
9.7 0.57972 0.146568
9.71 0.586706 0.143076
9.72 0.593692 0.139583
9.73 0.600678 0.136091
9.74 0.607663 0.132598
9.75 0.614649 0.129106
9.76 0.621635 0.125613
9.77 0.628621 0.122121
9.78 0.635607 0.118628
9.79 0.642593 0.115136
9.8 0.649579 0.111643
9.81 0.656565 0.108151
9.82 0.663551 0.104658
9.83 0.670536 0.101166
9.84 0.677522 0.0976735
9.85 0.684508 0.094181
9.86 0.691494 0.0906886
9.87 0.69848 0.0871961
9.88 0.705466 0.0837036
9.89 0.712452 0.0802112
9.9 0.719438 0.0767187
9.91 0.726424 0.0732262
9.92 0.73341 0.0697338
9.93 0.740395 0.0662413
9.94 0.747381 0.0627488
9.95 0.754367 0.0592564
9.96 0.761353 0.0557639
9.97 0.768339 0.0522715
9.98 0.775325 0.048779
9.99 0.782311 0.0452865
10 0.789297 0.0417941
10.01 0.796283 0.0383016
10.02 0.803268 0.0348091
10.03 0.810254 0.0313167
10.04 0.81724 0.0278242
10.05 0.824226 0.0243317
10.06 0.831212 0.0208393
10.07 0.838198 0.0173468
10.08 0.845184 0.0138544
10.09 0.85217 0.0103619
10.1 0.859156 0.00686943
10.11 0.866141 0.00337697
10.12 0.873127 -0.000115496
10.13 0.880113 -0.00360796
10.14 0.887099 -0.00710042
10.15 0.894085 -0.0105929
10.16 0.901071 -0.0140853
10.17 0.908057 -0.0175778
10.18 0.915043 -0.0210703
10.19 0.922029 -0.0245627
10.2 0.929015 -0.0280552
10.21 0.936 -0.0315477
10.22 0.942986 -0.0350401
10.23 0.949972 -0.0385326
10.24 0.956958 -0.0420251
10.25 0.963944 -0.0455175
10.26 0.97093 -0.04901
10.27 0.977916 -0.0525024
10.28 0.984902 -0.0559949
10.29 0.991888 -0.0594874
10.3 0.998873 -0.0629798
10.31 1.00586 -0.0664723
10.32 1.01285 -0.0699648
10.33 1.01983 -0.0734572
10.34 1.02682 -0.0769497
10.35 1.0338 -0.0804422
10.36 1.04079 -0.0839346
10.37 1.04777 -0.0874271
10.38 1.05476 -0.0909195
10.39 1.06175 -0.094412
10.4 1.06873 -0.0979045
10.41 1.07572 -0.101397
10.42 1.0827 -0.104889
10.43 1.08969 -0.108382
10.44 1.09668 -0.111874
10.45 1.10366 -0.115367
10.46 1.11065 -0.118859
10.47 1.11763 -0.122352
10.48 1.12462 -0.125844
10.49 1.13161 -0.129337
10.5 1.13859 -0.132829
10.51 1.14558 -0.136322
10.52 1.15256 -0.139814
10.53 1.15955 -0.143306
10.54 1.16653 -0.146799
10.55 1.17352 -0.150291
10.56 1.18051 -0.153784
10.57 1.18749 -0.157276
10.58 1.19448 -0.160769
10.59 1.20146 -0.164261
10.6 1.20845 -0.167754
10.61 1.21544 -0.171246
10.62 1.22242 -0.174739
10.63 1.22941 -0.178231
10.64 1.23639 -0.181724
10.65 1.24338 -0.185216
10.66 1.25037 -0.188709
10.67 1.25735 -0.192201
10.68 1.26434 -0.195693
10.69 1.27132 -0.199186
10.7 1.27831 -0.202678
10.71 1.2853 -0.206171
10.72 1.29228 -0.209663
10.73 1.29927 -0.213156
10.74 1.30625 -0.216648
10.75 1.31324 -0.220141
10.76 1.32022 -0.223633
10.77 1.32721 -0.227126
10.78 1.3342 -0.230618
10.79 1.34118 -0.234111
10.8 1.35353 -0.231927
10.81 1.3589 -0.226252
10.82 1.36426 -0.220576
10.83 1.36963 -0.2149
10.84 1.37499 -0.209224
10.85 1.38036 -0.203549
10.86 1.38572 -0.197873
10.87 1.39109 -0.192197
10.88 1.39646 -0.186521
10.89 1.40182 -0.180846
10.9 1.40719 -0.17517
10.91 1.41255 -0.169494
10.92 1.41792 -0.163819
10.93 1.42328 -0.158143
10.94 1.42865 -0.152467
10.95 1.43401 -0.146791
10.96 1.43938 -0.141116
10.97 1.44474 -0.13544
10.98 1.45011 -0.129764
10.99 1.45547 -0.124088
11 1.46084 -0.118413
11.01 1.4662 -0.112737
11.02 1.47157 -0.107061
11.03 1.47693 -0.101385
11.04 1.4823 -0.0957098
11.05 1.48767 -0.090034
11.06 1.49303 -0.0843583
11.07 1.4984 -0.0786826
11.08 1.50376 -0.0730068
11.09 1.50913 -0.0673311
11.1 1.51449 -0.0616554
11.11 1.51986 -0.0559796
11.12 1.52522 -0.0503039
11.13 1.53059 -0.0446282
11.14 1.53595 -0.0389524
11.15 1.54132 -0.0332767
11.16 1.54668 -0.027601
11.17 1.55205 -0.0219253
11.18 1.55741 -0.0162495
11.19 1.56278 -0.0105738
11.2 1.56814 -0.00489807
11.21 1.57351 0.000777663
11.22 1.57887 0.00645339
11.23 1.58424 0.0121291
11.24 1.58961 0.0178049
11.25 1.59497 0.0234806
11.26 1.60034 0.0291563
11.27 1.6057 0.034832
11.28 1.61107 0.0405078
11.29 1.61643 0.0461835
11.3 1.6218 0.0518592
11.31 1.62716 0.057535
11.32 1.63253 0.0632107
11.33 1.63789 0.0688864
11.34 1.64326 0.0745622
11.35 1.64862 0.0802379
11.36 1.65399 0.0859136
11.37 1.65935 0.0915893
11.38 1.66472 0.0972651
11.39 1.67008 0.102941
11.4 1.67545 0.108617
11.41 1.68081 0.114292
11.42 1.68618 0.119968
11.43 1.69155 0.125644
11.44 1.69691 0.131319
11.45 1.70228 0.136995
11.46 1.70764 0.142671
11.47 1.71301 0.148347
11.48 1.71837 0.154022
11.49 1.72374 0.159698
11.5 1.7291 0.165374
11.51 1.73447 0.17105
11.52 1.73983 0.176725
11.53 1.7452 0.182401
11.54 1.75056 0.188077
11.55 1.75593 0.193752
11.56 1.76129 0.199428
11.57 1.76666 0.205104
11.58 1.77202 0.21078
11.59 1.77739 0.216455
11.6 1.78275 0.222131
11.61 1.78812 0.227807
11.62 1.79349 0.233483
11.63 1.79885 0.239158
11.64 1.80422 0.244834
11.65 1.80958 0.25051
11.66 1.81495 0.256186
11.67 1.82031 0.261861
11.68 1.82568 0.267537
11.69 1.83104 0.273213
11.7 1.83641 0.278888
11.71 1.84177 0.284564
11.72 1.84714 0.29024
11.73 1.8525 0.295916
11.74 1.85787 0.301591
11.75 1.86323 0.307267
11.76 1.8686 0.312943
11.77 1.87396 0.318619
11.78 1.87933 0.324294
11.79 1.88469 0.32997
11.8 1.89006 0.335646
11.81 1.89543 0.341321
11.82 1.90079 0.346997
11.83 1.90616 0.352673
11.84 1.91152 0.358349
11.85 1.91689 0.364024
11.86 1.92225 0.3697
11.87 1.92762 0.375376
11.88 1.93298 0.381052
11.89 1.93835 0.386727
11.9 1.94371 0.392403
11.91 1.94908 0.398079
11.92 1.95444 0.403755
11.93 1.95262 0.412483
11.94 1.94543 0.415536
11.95 1.93824 0.418589
11.96 1.93105 0.421642
11.97 1.92386 0.424695
11.98 1.91668 0.427748
11.99 1.90949 0.430801
12 1.9023 0.433854
12.01 1.89511 0.436907
12.02 1.88792 0.43996
12.03 1.88073 0.443013
12.04 1.87354 0.446066
12.05 1.86635 0.449119
12.06 1.85917 0.452172
12.07 1.85198 0.455225
12.08 1.84479 0.458278
12.09 1.8376 0.461331
12.1 1.83041 0.464384
12.11 1.82322 0.467437
12.12 1.81603 0.470491
12.13 1.80884 0.473544
12.14 1.80165 0.476597
12.15 1.79447 0.47965
12.16 1.78728 0.482703
12.17 1.78009 0.485756
12.18 1.7729 0.488809
12.19 1.76571 0.491862
12.2 1.75852 0.494915
12.21 1.75133 0.497968
12.22 1.74414 0.501021
12.23 1.73696 0.504074
12.24 1.72977 0.507127
12.25 1.72258 0.51018
12.26 1.71539 0.513233
12.27 1.7082 0.516286
12.28 1.70101 0.519339
12.29 1.69382 0.522392
12.3 1.68663 0.525445
12.31 1.67944 0.528498
12.32 1.67226 0.531551
12.33 1.66507 0.534604
12.34 1.65788 0.537657
12.35 1.65069 0.54071
12.36 1.6435 0.543763
12.37 1.63631 0.546816
12.38 1.62912 0.549869
12.39 1.62193 0.552922
12.4 1.61475 0.555975
12.41 1.60756 0.559028
12.42 1.60037 0.562081
12.43 1.59318 0.565134
12.44 1.58599 0.568187
12.45 1.5788 0.57124
12.46 1.57161 0.574293
12.47 1.56442 0.577346
12.48 1.55723 0.580399
12.49 1.55005 0.583452
12.5 1.54286 0.586505
12.51 1.53567 0.589558
12.52 1.52848 0.592611
12.53 1.52129 0.595664
12.54 1.5141 0.598717
12.55 1.50691 0.60177
12.56 1.49972 0.604823
12.57 1.49254 0.607876
12.58 1.48535 0.610929
12.59 1.47816 0.613982
12.6 1.47097 0.617035
12.61 1.46378 0.620088
12.62 1.45659 0.623141
12.63 1.4494 0.626194
12.64 1.44221 0.629247
12.65 1.43502 0.6323
12.66 1.42784 0.635353
12.67 1.42065 0.638406
12.68 1.41346 0.641459
12.69 1.40627 0.644512
12.7 1.39908 0.647565
12.71 1.39189 0.650618
12.72 1.3847 0.653671
12.73 1.37751 0.656724
12.74 1.37033 0.659777
12.75 1.36314 0.66283
12.76 1.35595 0.665883
12.77 1.34876 0.668936
12.78 1.34157 0.671989
12.79 1.33438 0.675042
12.8 1.32719 0.678095
12.81 1.32 0.681148
12.82 1.31281 0.684201
12.83 1.30563 0.687254
12.84 1.29844 0.690308
12.85 1.29125 0.693361
12.86 1.28406 0.696414
12.87 1.27687 0.699467
12.88 1.26968 0.70252
12.89 1.26249 0.705573
12.9 1.2553 0.708626
12.91 1.24812 0.711679
12.92 1.24093 0.714732
12.93 1.23374 0.717785
12.94 1.22655 0.720838
12.95 1.21936 0.723891
12.96 1.21217 0.726944
12.97 1.20498 0.729997
12.98 1.19779 0.73305
12.99 1.1906 0.736103
13 1.18342 0.739156
13.01 1.17623 0.742209
13.02 1.16904 0.745262
13.03 1.16185 0.748315
13.04 1.15466 0.751368
13.05 1.14747 0.754421
13.06 1.14028 0.757474
13.07 1.13309 0.760527
13.08 1.12591 0.76358
13.09 1.11872 0.766633
13.1 1.11153 0.769686
13.11 1.10434 0.772739
13.12 1.09715 0.775792
13.13 1.08996 0.778845
13.14 1.08277 0.781898
13.15 1.07558 0.784951
13.16 1.0684 0.788004
13.17 1.06121 0.791057
13.18 1.05402 0.79411
13.19 1.04683 0.797163
13.2 1.03964 0.800216
13.21 1.03245 0.803269
13.22 1.02526 0.806322
13.23 1.01807 0.809375
13.24 1.01088 0.812428
13.25 1.0037 0.815481
13.26 0.996507 0.818534
13.27 0.989318 0.821587
13.28 0.982129 0.82464
13.29 0.97494 0.827693
13.3 0.967752 0.830746
13.31 0.960563 0.833799
13.32 0.953374 0.836852
13.33 0.946185 0.839905
13.34 0.938996 0.842958
13.35 0.931808 0.846011
13.36 0.924619 0.849064
13.37 0.91743 0.852117
13.38 0.910241 0.85517
13.39 0.903052 0.858223
13.4 0.895863 0.861276
13.41 0.888675 0.864329
13.42 0.881486 0.867382
13.43 0.874297 0.870435
13.44 0.867108 0.873488
13.45 0.859919 0.876541
13.46 0.852731 0.879594
13.47 0.845542 0.882647
13.48 0.838353 0.8857
13.49 0.831164 0.888753
13.5 0.823975 0.891806
13.51 0.816786 0.894859
13.52 0.809598 0.897912
13.53 0.802409 0.900965
13.54 0.79522 0.904018
13.55 0.788031 0.907071
13.56 0.780842 0.910124
13.57 0.773654 0.913178
13.58 0.766465 0.916231
13.59 0.759276 0.919284
13.6 0.752087 0.922337
13.61 0.744898 0.92539
13.62 0.737709 0.928443
13.63 0.730521 0.931496
13.64 0.723332 0.934549
13.65 0.716143 0.937602
13.66 0.708954 0.940655
13.67 0.701765 0.943708
13.68 0.694577 0.946761
13.69 0.687388 0.949814
13.7 0.680199 0.952867
13.71 0.67301 0.95592
13.72 0.665821 0.958973
13.73 0.658632 0.962026
13.74 0.651444 0.965079
13.75 0.644255 0.968132
13.76 0.637066 0.971185
13.77 0.629877 0.974238
13.78 0.622688 0.977291
13.79 0.6155 0.980344
13.8 0.608311 0.983397
13.81 0.601122 0.98645
13.82 0.593933 0.989503
13.83 0.586744 0.992556
13.84 0.579555 0.995609
13.85 0.572367 0.998662
13.86 0.565178 1.00171
13.87 0.557989 1.00477
13.88 0.5508 1.00782
13.89 0.543611 1.01087
13.9 0.536423 1.01393
13.91 0.529234 1.01698
13.92 0.522045 1.02003
13.93 0.514856 1.02309
13.94 0.507667 1.02614
13.95 0.500478 1.02919
13.96 0.49329 1.03225
13.97 0.486101 1.0353
13.98 0.478912 1.03835
13.99 0.471723 1.0414
14 0.464534 1.04446
14.01 0.457346 1.04751
14.02 0.450157 1.05056
14.03 0.442968 1.05362
14.04 0.435779 1.05667
14.05 0.42859 1.05972
14.06 0.421401 1.06278
14.07 0.414213 1.06583
14.08 0.407024 1.06888
14.09 0.399835 1.07193
14.1 0.392646 1.07499
14.11 0.385457 1.07804
14.12 0.378269 1.08109
14.13 0.37108 1.08415
14.14 0.363891 1.0872
14.15 0.356702 1.09025
14.16 0.349513 1.09331
14.17 0.342324 1.09636
14.18 0.335136 1.09941
14.19 0.333585 1.09706
14.2 0.339223 1.09166
14.21 0.344862 1.08625
14.22 0.3505 1.08085
14.23 0.356138 1.07544
14.24 0.361777 1.07004
14.25 0.367415 1.06463
14.26 0.373054 1.05923
14.27 0.378692 1.05382
14.28 0.38433 1.04842
14.29 0.389969 1.04301
14.3 0.395607 1.03761
14.31 0.401245 1.03221
14.32 0.406884 1.0268
14.33 0.412522 1.0214
14.34 0.41816 1.01599
14.35 0.423799 1.01059
14.36 0.429437 1.00518
14.37 0.435075 0.999778
14.38 0.440714 0.994373
14.39 0.446352 0.988969
14.4 0.45199 0.983564
14.41 0.457629 0.97816
14.42 0.463267 0.972755
14.43 0.468905 0.967351
14.44 0.474544 0.961946
14.45 0.480182 0.956542
14.46 0.48582 0.951137
14.47 0.491459 0.945733
14.48 0.497097 0.940328
14.49 0.502735 0.934923
14.5 0.508374 0.929519
14.51 0.514012 0.924114
14.52 0.51965 0.91871
14.53 0.525289 0.913305
14.54 0.530927 0.907901
14.55 0.536565 0.902496
14.56 0.542204 0.897092
14.57 0.547842 0.891687
14.58 0.55348 0.886283
14.59 0.559119 0.880878
14.6 0.564757 0.875474
14.61 0.570395 0.870069
14.62 0.576034 0.864664
14.63 0.581672 0.85926
14.64 0.587311 0.853855
14.65 0.592949 0.848451
14.66 0.598587 0.843046
14.67 0.604226 0.837642
14.68 0.609864 0.832237
14.69 0.615502 0.826833
14.7 0.621141 0.821428
14.71 0.626779 0.816024
14.72 0.632417 0.810619
14.73 0.638056 0.805214
14.74 0.643694 0.79981
14.75 0.649332 0.794405
14.76 0.654971 0.789001
14.77 0.660609 0.783596
14.78 0.666247 0.778192
14.79 0.671886 0.772787
14.8 0.677524 0.767383
14.81 0.683162 0.761978
14.82 0.688801 0.756574
14.83 0.694439 0.751169
14.84 0.700077 0.745764
14.85 0.705716 0.74036
14.86 0.711354 0.734955
14.87 0.716992 0.729551
14.88 0.722631 0.724146
14.89 0.728269 0.718742
14.9 0.733907 0.713337
14.91 0.739546 0.707933
14.92 0.745184 0.702528
14.93 0.750822 0.697124
14.94 0.756461 0.691719
14.95 0.762099 0.686314
14.96 0.767737 0.68091
14.97 0.773376 0.675505
14.98 0.779014 0.670101
14.99 0.784652 0.664696
15 0.790291 0.659292
15.01 0.795929 0.653887
15.02 0.801568 0.648483
15.03 0.807206 0.643078
15.04 0.812844 0.637674
15.05 0.818483 0.632269
15.06 0.824121 0.626864
15.07 0.829759 0.62146
15.08 0.835398 0.616055
15.09 0.841036 0.610651
15.1 0.846674 0.605246
15.11 0.852313 0.599842
15.12 0.857951 0.594437
15.13 0.863589 0.589033
15.14 0.869228 0.583628
15.15 0.874866 0.578224
15.16 0.880504 0.572819
15.17 0.886143 0.567414
15.18 0.891781 0.56201
15.19 0.897419 0.556605
15.2 0.903058 0.551201
15.21 0.908696 0.545796
15.22 0.914334 0.540392
15.23 0.919973 0.534987
15.24 0.925611 0.529583
15.25 0.931249 0.524178
15.26 0.936888 0.518774
15.27 0.942526 0.513369
15.28 0.948164 0.507965
15.29 0.953803 0.50256
15.3 0.959441 0.497155
15.31 0.965079 0.491751
15.32 0.970718 0.486346
15.33 0.976356 0.480942
15.34 0.981994 0.475537
15.35 0.987633 0.470133
15.36 0.993271 0.464728
15.37 0.998909 0.459324
15.38 1.00455 0.453919
15.39 1.01019 0.448515
15.4 1.01582 0.44311
15.41 1.02146 0.437705
15.42 1.0271 0.432301
15.43 1.03274 0.426896
15.44 1.03838 0.421492
15.45 1.04402 0.416087
15.46 1.04965 0.410683
15.47 1.05529 0.405278
15.48 1.06093 0.399874
15.49 1.06657 0.394469
15.5 1.07221 0.389065
15.51 1.07785 0.38366
15.52 1.08348 0.378255
15.53 1.08912 0.372851
15.54 1.09476 0.367446
15.55 1.1004 0.362042
15.56 1.10604 0.356637
15.57 1.11168 0.351233
15.58 1.11731 0.345828
15.59 1.12295 0.340424
15.6 1.12859 0.335019
15.61 1.13423 0.329615
15.62 1.13987 0.32421
15.63 1.14551 0.318805
15.64 1.15114 0.313401
15.65 1.15678 0.307996
15.66 1.16242 0.302592
15.67 1.16806 0.297187
15.68 1.1737 0.291783
15.69 1.17934 0.286378
15.7 1.18497 0.280974
15.71 1.19061 0.275569
15.72 1.19625 0.270165
15.73 1.20189 0.26476
15.74 1.20753 0.259355
15.75 1.21317 0.253951
15.76 1.2188 0.248546
15.77 1.22444 0.243142
15.78 1.23008 0.237737
15.79 1.23572 0.232333
15.8 1.24136 0.226928
15.81 1.247 0.221524
15.82 1.25263 0.216119
15.83 1.25827 0.210715
15.84 1.26391 0.20531
15.85 1.26955 0.199905
15.86 1.27519 0.194501
15.87 1.28083 0.189096
15.88 1.28646 0.183692
15.89 1.2921 0.178287
15.9 1.29774 0.172883
15.91 1.30338 0.167478
15.92 1.30902 0.162074
15.93 1.31466 0.156669
15.94 1.32029 0.151265
15.95 1.32593 0.14586
15.96 1.33157 0.140455
15.97 1.33721 0.135051
15.98 1.34285 0.129646
15.99 1.34849 0.124242
16 1.35413 0.118837
16.01 1.35976 0.113433
16.02 1.3654 0.108028
16.03 1.37104 0.102624
16.04 1.37668 0.0972191
16.05 1.38232 0.0918146
16.06 1.38796 0.08641
16.07 1.39359 0.0810055
16.08 1.39923 0.075601
16.09 1.40487 0.0701964
16.1 1.41051 0.0647919
16.11 1.41615 0.0593873
16.12 1.42179 0.0539828
16.13 1.42742 0.0485782
16.14 1.43306 0.0431737
16.15 1.4387 0.0377692
16.16 1.44434 0.0323646
16.17 1.44998 0.0269601
16.18 1.45562 0.0215555
16.19 1.46125 0.016151
16.2 1.46689 0.0107464
16.21 1.47253 0.00534189
16.22 1.47817 -6.26592e-05
16.23 1.48381 -0.0054672
16.24 1.48945 -0.0108717
16.25 1.49508 -0.0162763
16.26 1.50072 -0.0216808
16.27 1.50636 -0.0270854
16.28 1.512 -0.0324899
16.29 1.51764 -0.0378945
16.3 1.52328 -0.043299
16.31 1.52891 -0.0487036
16.32 1.53455 -0.0541081
16.33 1.54019 -0.0595126
16.34 1.54583 -0.0649172
16.35 1.55147 -0.0703217
16.36 1.55711 -0.0757263
16.37 1.56274 -0.0811308
16.38 1.56838 -0.0865354
16.39 1.57402 -0.0919399
16.4 1.57966 -0.0973445
16.41 1.5853 -0.102749
16.42 1.59094 -0.108154
16.43 1.59657 -0.113558
16.44 1.60221 -0.118963
16.45 1.60785 -0.124367
16.46 1.61349 -0.129772
16.47 1.61913 -0.135176
16.48 1.62477 -0.140581
16.49 1.6304 -0.145985
16.5 1.63604 -0.15139
16.51 1.64168 -0.156794
16.52 1.64847 -0.154474
16.53 1.64962 -0.146749
16.54 1.65077 -0.139024
16.55 1.65193 -0.131299
16.56 1.65308 -0.123575
16.57 1.65423 -0.11585
16.58 1.65538 -0.108125
16.59 1.65653 -0.1004
16.6 1.65768 -0.0926751
16.61 1.65884 -0.0849502
16.62 1.65999 -0.0772254
16.63 1.66114 -0.0695005
16.64 1.66229 -0.0617756
16.65 1.66344 -0.0540507
16.66 1.66459 -0.0463258
16.67 1.66575 -0.038601
16.68 1.6669 -0.0308761
16.69 1.66805 -0.0231512
16.7 1.6692 -0.0154263
16.71 1.67035 -0.00770147
16.72 1.6715 2.34088e-05
16.73 1.67266 0.00774828
16.74 1.67381 0.0154732
16.75 1.67496 0.023198
16.76 1.67611 0.0309229
16.77 1.67726 0.0386478
16.78 1.67841 0.0463727
16.79 1.67956 0.0540975
16.8 1.68072 0.0618224
16.81 1.68187 0.0695473
16.82 1.68302 0.0772722
16.83 1.68417 0.084997
16.84 1.68532 0.0927219
16.85 1.68647 0.100447
16.86 1.68763 0.108172
16.87 1.68878 0.115897
16.88 1.68993 0.123621
16.89 1.69108 0.131346
16.9 1.69223 0.139071
16.91 1.69338 0.146796
16.92 1.69454 0.154521
16.93 1.69569 0.162246
16.94 1.69684 0.169971
16.95 1.69799 0.177696
16.96 1.69914 0.18542
16.97 1.70029 0.193145
16.98 1.70145 0.20087
16.99 1.7026 0.208595
17 1.70375 0.21632
17.01 1.7049 0.224045
17.02 1.70605 0.23177
17.03 1.7072 0.239495
17.04 1.70836 0.247219
17.05 1.70951 0.254944
17.06 1.71066 0.262669
17.07 1.71181 0.270394
17.08 1.71296 0.278119
17.09 1.71411 0.285844
17.1 1.71527 0.293569
17.11 1.71642 0.301294
17.12 1.71757 0.309018
17.13 1.71872 0.316743
17.14 1.71987 0.324468
17.15 1.72102 0.332193
17.16 1.72218 0.339918
17.17 1.72333 0.347643
17.18 1.72448 0.355368
17.19 1.72563 0.363093
17.2 1.72678 0.370817
17.21 1.72793 0.378542
17.22 1.72909 0.386267
17.23 1.73024 0.393992
17.24 1.73139 0.401717
17.25 1.73254 0.409442
17.26 1.73369 0.417167
17.27 1.73484 0.424892
17.28 1.736 0.432616
17.29 1.73715 0.440341
17.3 1.7383 0.448066
17.31 1.73945 0.455791
17.32 1.7406 0.463516
17.33 1.74175 0.471241
17.34 1.74291 0.478966
17.35 1.74406 0.486691
17.36 1.74521 0.494415
17.37 1.74636 0.50214
17.38 1.74751 0.509865
17.39 1.74866 0.51759
17.4 1.74982 0.525315
17.41 1.75097 0.53304
17.42 1.75212 0.540765
17.43 1.75327 0.54849
17.44 1.75442 0.556214
17.45 1.75557 0.563939
17.46 1.75673 0.571664
17.47 1.75788 0.579389
17.48 1.75903 0.587114
17.49 1.76018 0.594839
17.5 1.76133 0.602564
17.51 1.76248 0.610289
17.52 1.76364 0.618013
17.53 1.76479 0.625738
17.54 1.76594 0.633463
17.55 1.76709 0.641188
17.56 1.76824 0.648913
17.57 1.76939 0.656638
17.58 1.77055 0.664363
17.59 1.7717 0.672088
17.6 1.77285 0.679812
17.61 1.774 0.687537
17.62 1.77515 0.695262
17.63 1.7763 0.702987
17.64 1.77745 0.710712
17.65 1.77861 0.718437
17.66 1.77976 0.726162
17.67 1.78091 0.733887
17.68 1.78206 0.741612
17.69 1.78321 0.749336
17.7 1.78436 0.757061
17.71 1.78552 0.764786
17.72 1.78667 0.772511
17.73 1.78782 0.780236
17.74 1.78897 0.787961
17.75 1.79012 0.795686
17.76 1.79127 0.803411
17.77 1.79243 0.811135
17.78 1.79358 0.81886
17.79 1.79473 0.826585
17.8 1.79588 0.83431
17.81 1.79703 0.842035
17.82 1.79818 0.84976
17.83 1.79934 0.857485
17.84 1.80049 0.86521
17.85 1.79486 0.876818
17.86 1.78809 0.880702
17.87 1.78131 0.884585
17.88 1.77453 0.888469
17.89 1.76776 0.892353
17.9 1.76098 0.896236
17.91 1.75421 0.90012
17.92 1.74743 0.904004
17.93 1.74065 0.907887
17.94 1.73388 0.911771
17.95 1.7271 0.915654
17.96 1.72032 0.919538
17.97 1.71355 0.923422
17.98 1.70677 0.927305
17.99 1.7 0.931189
18 1.69322 0.935073
18.01 1.68644 0.938956
18.02 1.67967 0.94284
18.03 1.67289 0.946724
18.04 1.66611 0.950607
18.05 1.65934 0.954491
18.06 1.65256 0.958375
18.07 1.64579 0.962258
18.08 1.63901 0.966142
18.09 1.63223 0.970025
18.1 1.62546 0.973909
18.11 1.61868 0.977793
18.12 1.61191 0.981676
18.13 1.60513 0.98556
18.14 1.59835 0.989444
18.15 1.59158 0.993327
18.16 1.5848 0.997211
18.17 1.57802 1.00109
18.18 1.57125 1.00498
18.19 1.56447 1.00886
18.2 1.5577 1.01275
18.21 1.55092 1.01663
18.22 1.54414 1.02051
18.23 1.53737 1.0244
18.24 1.53059 1.02828
18.25 1.52381 1.03216
18.26 1.51704 1.03605
18.27 1.51026 1.03993
18.28 1.50349 1.04381
18.29 1.49671 1.0477
18.3 1.48993 1.05158
18.31 1.48316 1.05547
18.32 1.47638 1.05935
18.33 1.4696 1.06323
18.34 1.46283 1.06712
18.35 1.45605 1.071
18.36 1.44928 1.07488
18.37 1.4425 1.07877
18.38 1.43572 1.08265
18.39 1.42895 1.08653
18.4 1.42217 1.09042
18.41 1.41539 1.0943
18.42 1.40862 1.09819
18.43 1.40184 1.10207
18.44 1.39507 1.10595
18.45 1.38829 1.10984
18.46 1.38151 1.11372
18.47 1.37474 1.1176
18.48 1.36796 1.12149
18.49 1.36118 1.12537
18.5 1.35441 1.12925
18.51 1.34763 1.13314
18.52 1.34086 1.13702
18.53 1.33408 1.14091
18.54 1.3273 1.14479
18.55 1.32053 1.14867
18.56 1.31375 1.15256
18.57 1.30697 1.15644
18.58 1.3002 1.16032
18.59 1.29342 1.16421
18.6 1.28665 1.16809
18.61 1.27987 1.17197
18.62 1.27309 1.17586
18.63 1.26632 1.17974
18.64 1.25954 1.18363
18.65 1.25276 1.18751
18.66 1.24599 1.19139
18.67 1.23921 1.19528
18.68 1.23244 1.19916
18.69 1.22566 1.20304
18.7 1.21888 1.20693
18.71 1.21211 1.21081
18.72 1.20533 1.21469
18.73 1.19855 1.21858
18.74 1.19178 1.22246
18.75 1.185 1.22635
18.76 1.17823 1.23023
18.77 1.17145 1.23411
18.78 1.16467 1.238
18.79 1.1579 1.24188
18.8 1.15112 1.24576
18.81 1.14435 1.24965
18.82 1.13757 1.25353
18.83 1.13079 1.25741
18.84 1.12402 1.2613
18.85 1.11724 1.26518
18.86 1.11046 1.26907
18.87 1.10369 1.27295
18.88 1.09691 1.27683
18.89 1.09014 1.28072
18.9 1.08336 1.2846
18.91 1.07658 1.28848
18.92 1.06981 1.29237
18.93 1.06303 1.29625
18.94 1.05625 1.30014
18.95 1.04948 1.30402
18.96 1.0427 1.3079
18.97 1.03593 1.31179
18.98 1.02915 1.31567
18.99 1.02237 1.31955
19 1.0156 1.32344
19.01 1.00882 1.32732
19.02 1.00204 1.3312
19.03 0.995268 1.33509
19.04 0.988492 1.33897
19.05 0.981715 1.34286
19.06 0.974939 1.34674
19.07 0.968163 1.35062
19.08 0.961387 1.35451
19.09 0.954611 1.35839
19.1 0.947834 1.36227
19.11 0.941058 1.36616
19.12 0.934282 1.37004
19.13 0.927506 1.37392
19.14 0.920729 1.37781
19.15 0.913953 1.38169
19.16 0.907177 1.38558
19.17 0.900401 1.38946
19.18 0.893624 1.39334
19.19 0.886848 1.39723
19.2 0.880072 1.40111
19.21 0.873296 1.40499
19.22 0.86652 1.40888
19.23 0.859743 1.41276
19.24 0.852967 1.41664
19.25 0.846191 1.42053
19.26 0.839415 1.42441
19.27 0.832638 1.4283
19.28 0.825862 1.43218
19.29 0.819086 1.43606
19.3 0.81231 1.43995
19.31 0.805533 1.44383
19.32 0.798757 1.44771
19.33 0.791981 1.4516
19.34 0.785205 1.45548
19.35 0.778428 1.45936
19.36 0.771652 1.46325
19.37 0.764876 1.46713
19.38 0.7581 1.47102
19.39 0.751324 1.4749
19.4 0.744547 1.47878
19.41 0.737771 1.48267
19.42 0.730995 1.48655
19.43 0.724219 1.49043
19.44 0.717442 1.49432
19.45 0.710666 1.4982
19.46 0.70389 1.50208
19.47 0.697114 1.50597
19.48 0.690337 1.50985
19.49 0.686467 1.50649
19.5 0.689373 1.49924
19.51 0.692279 1.49199
19.52 0.695185 1.48474
19.53 0.698091 1.47749
19.54 0.700997 1.47024
19.55 0.703902 1.46299
19.56 0.706808 1.45574
19.57 0.709714 1.44849
19.58 0.71262 1.44124
19.59 0.715526 1.43399
19.6 0.718432 1.42674
19.61 0.721338 1.41949
19.62 0.724244 1.41224
19.63 0.727149 1.40499
19.64 0.730055 1.39774
19.65 0.732961 1.39049
19.66 0.735867 1.38324
19.67 0.738773 1.37599
19.68 0.741679 1.36874
19.69 0.744585 1.36149
19.7 0.747491 1.35425
19.71 0.750396 1.347
19.72 0.753302 1.33975
19.73 0.756208 1.3325
19.74 0.759114 1.32525
19.75 0.76202 1.318
19.76 0.764926 1.31075
19.77 0.767832 1.3035
19.78 0.770738 1.29625
19.79 0.773644 1.289
19.8 0.776549 1.28175
19.81 0.779455 1.2745
19.82 0.782361 1.26725
19.83 0.785267 1.26
19.84 0.788173 1.25275
19.85 0.791079 1.2455
19.86 0.793985 1.23825
19.87 0.796891 1.231
19.88 0.799796 1.22375
19.89 0.802702 1.2165
19.9 0.805608 1.20925
19.91 0.808514 1.20201
19.92 0.81142 1.19476
19.93 0.814326 1.18751
19.94 0.817232 1.18026
19.95 0.820138 1.17301
19.96 0.823043 1.16576
19.97 0.825949 1.15851
19.98 0.828855 1.15126
19.99 0.831761 1.14401
20 0.834667 1.13676
