           t              x              y              z             vz
     0.00000        0.00000        0.00000        0.00000        5.00000
     0.10000        0.50000        0.50000        0.40200        4.02000
     0.20000        1.00000        1.00000        0.70600        7.47858
     0.30000        0.87131        0.87131        1.35586        6.49858
     0.40000        0.74261        0.74261        1.90772        5.51858
     0.50000        0.61392        0.61392        2.36157        4.53858
     0.60000        0.48522        0.48522        2.71743        3.55858
     0.70000        0.35653        0.35653        2.97529        2.57858
     0.80000        0.22784        0.22784        3.13515        1.59858
     0.90000        0.09914        0.09914        3.19701        0.61858
     1.00000       -0.02955       -0.02955        3.16086       -0.36142
     1.10000       -0.15825       -0.15825        3.02672       -1.34142
     1.20000       -0.28694       -0.28694        2.79458       -2.32142
     1.30000       -0.41564       -0.41564        2.46444       -3.30142
     1.40000       -0.54433       -0.54433        2.03630       -4.28142
     1.50000       -0.67302       -0.67302        1.51015       -5.26142
     1.60000       -0.80172       -0.80172        0.88601       -6.24142
     1.70000       -0.93041       -0.93041        0.16387       -7.22142


         #xs             ys             zs
     2.00000        2.00000        2.00000
     2.00000        2.00000        2.00000
     2.00000        2.00000        2.00000
     2.00000        2.00000        2.00000
     2.00000        2.00000        2.00000
     2.00000        2.00000        2.00000
     2.00000        2.00000        2.00000
     2.00000        2.00000        2.00000
     2.00000        2.00000        2.00000
     2.00000        2.00000        2.00000
     2.00000        2.00000        2.00000
     2.00000        2.00000        2.00000
     2.00000        2.00000        2.00000
     2.00000        2.00000        2.00000
     2.00000        2.00000        2.00000
     2.00000        2.00000        2.00000
     2.00000        2.00000        2.00000
     2.00000        2.00000        2.00000
     2.00000        2.00000        2.00000
     2.00000        2.00000        2.00000
     2.00000        2.00000        2.00000
     2.00000        2.00000        2.00000
     2.00000        2.00000        2.00000
     2.00000        2.00000        2.00000
     2.00000        2.00000        2.00000
     2.00000        2.00000        2.00000
     2.00000        2.00000        2.00000
     2.00000        2.00000        2.00000
     2.00000        2.00000        2.00000
     2.00000        2.00000        2.00000
     2.00000        2.00000        2.00000
     2.00000        2.00000        2.00000
     2.00000        2.00000        2.00000
     2.00000        2.00000        2.00000
     2.00000        2.00000        2.00000
     2.00000        2.00000        2.00000
     2.00000        2.00000        2.00000
     2.00000        2.00000        2.00000
     2.00000        2.00000        2.00000
     2.00000        2.00000        2.00000
     2.00000        2.00000        2.00000
     2.00000        2.00000        2.00000
     2.00000        2.00000        2.00000
     2.00000        2.00000        2.00000
     2.00000        2.00000        2.00000
     2.00000        2.00000        2.00000
     2.00000        2.00000        2.00000
     2.00000        2.00000        2.00000
     2.00000        2.00000        2.00000
     2.00000        2.00000        2.00000
     2.00000        2.00000        2.00000
     2.00000        2.00000        2.00000
     2.00000        2.00000        2.00000
     2.00000        2.00000        2.00000
     2.00000        2.00000        2.00000
     2.00000        2.00000        2.00000
     2.00000        2.00000        2.00000
     2.00000        2.00000        2.00000
     2.00000        2.00000        2.00000
     2.00000        2.00000        2.00000
     2.00000        2.00000        2.00000
     2.00000        2.00000        2.00000
     2.00000        2.00000        2.00000

     2.19967        2.00000        1.99001
     2.19867        2.01993        1.99001
     2.19569        2.03967        1.99001
     2.19075        2.05901        1.99001
     2.18391        2.07775        1.99001
     2.17522        2.09573        1.99001
     2.16479        2.11274        1.99001
     2.15271        2.12863        1.99001
     2.13911        2.14323        1.99001
     2.12411        2.15640        1.99001
     2.10788        2.16801        1.99001
     2.09057        2.17794        1.99001
     2.07235        2.18610        1.99001
     2.05341        2.19239        1.99001
     2.03394        2.19676        1.99001
     2.01412        2.19917        1.99001
     1.99417        2.19958        1.99001
     1.97427        2.19800        1.99001
     1.95464        2.19445        1.99001
     1.93545        2.18894        1.99001
     1.91691        2.18156        1.99001
     1.89920        2.17235        1.99001
     1.88250        2.16143        1.99001
     1.86697        2.14889        1.99001
     1.85277        2.13487        1.99001
     1.84004        2.11950        1.99001
     1.82891        2.10293        1.99001
     1.81949        2.08533        1.99001
     1.81187        2.06689        1.99001
     1.80613        2.04777        1.99001
     1.80233        2.02818        1.99001
     1.80051        2.00830        1.99001
     1.80067        1.98834        1.99001
     1.80283        1.96850        1.99001
     1.80696        1.94898        1.99001
     1.81302        1.92996        1.99001
     1.82095        1.91164        1.99001
     1.83066        1.89421        1.99001
     1.84207        1.87783        1.99001
     1.85506        1.86268        1.99001
     1.86949        1.84889        1.99001
     1.88523        1.83662        1.99001
     1.90211        1.82598        1.99001
     1.91997        1.81707        1.99001
     1.93864        1.81000        1.99001
     1.95791        1.80482        1.99001
     1.97761        1.80159        1.99001
     1.99753        1.80035        1.99001
     2.01747        1.80110        1.99001
     2.03724        1.80384        1.99001
     2.05664        1.80853        1.99001
     2.07547        1.81515        1.99001
     2.09355        1.82360        1.99001
     2.11069        1.83382        1.99001
     2.12673        1.84570        1.99001
     2.14150        1.85913        1.99001
     2.15485        1.87396        1.99001
     2.16666        1.89005        1.99001
     2.17681        1.90723        1.99001
     2.18519        1.92535        1.99001
     2.19171        1.94421        1.99001
     2.19633        1.96363        1.99001
     2.19898        1.98341        1.99001

     2.39734        2.00000        1.96013
     2.39535        2.03967        1.96013
     2.38942        2.07894        1.96013
     2.37959        2.11742        1.96013
     2.36597        2.15473        1.96013
     2.34870        2.19049        1.96013
     2.32794        2.22435        1.96013
     2.30390        2.25597        1.96013
     2.27683        2.28503        1.96013
     2.24699        2.31125        1.96013
     2.21468        2.33435        1.96013
     2.18023        2.35411        1.96013
     2.14398        2.37034        1.96013
     2.10629        2.38286        1.96013
     2.06753        2.39156        1.96013
     2.02811        2.39634        1.96013
     1.98840        2.39717        1.96013
     1.94881        2.39403        1.96013
     1.90972        2.38695        1.96013
     1.87154        2.37600        1.96013
     1.83465        2.36130        1.96013
     1.79941        2.34299        1.96013
     1.76617        2.32125        1.96013
     1.73526        2.29630        1.96013
     1.70700        2.26839        1.96013
     1.68167        2.23780        1.96013
     1.65952        2.20483        1.96013
     1.64078        2.16981        1.96013
     1.62562        2.13310        1.96013
     1.61420        2.09506        1.96013
     1.60664        2.05607        1.96013
     1.60300        2.01652        1.96013
     1.60334        1.97681        1.96013
     1.60764        1.93732        1.96013
     1.61585        1.89846        1.96013
     1.62791        1.86062        1.96013
     1.64368        1.82417        1.96013
     1.66302        1.78948        1.96013
     1.68572        1.75689        1.96013
     1.71156        1.72672        1.96013
     1.74028        1.69929        1.96013
     1.77160        1.67487        1.96013
     1.80520        1.65369        1.96013
     1.84075        1.63597        1.96013
     1.87788        1.62189        1.96013
     1.91624        1.61159        1.96013
     1.95544        1.60517        1.96013
     1.99508        1.60269        1.96013
     2.03477        1.60419        1.96013
     2.07411        1.60963        1.96013
     2.11271        1.61898        1.96013
     2.15019        1.63214        1.96013
     2.18616        1.64897        1.96013
     2.22027        1.66931        1.96013
     2.25219        1.69295        1.96013
     2.28158        1.71966        1.96013
     2.30816        1.74917        1.96013
     2.33166        1.78119        1.96013
     2.35185        1.81540        1.96013
     2.36852        1.85144        1.96013
     2.38151        1.88898        1.96013
     2.39069        1.92762        1.96013
     2.39596        1.96699        1.96013

     2.59104        2.00000        1.91067
     2.58809        2.05901        1.91067
     2.57926        2.11742        1.91067
     2.56464        2.17466        1.91067
     2.54438        2.23016        1.91067
     2.51869        2.28336        1.91067
     2.48781        2.33373        1.91067
     2.45205        2.38076        1.91067
     2.41178        2.42399        1.91067
     2.36740        2.46298        1.91067
     2.31934        2.49734        1.91067
     2.26809        2.52674        1.91067
     2.21417        2.55087        1.91067
     2.15810        2.56950        1.91067
     2.10046        2.58244        1.91067
     2.04181        2.58956        1.91067
     1.98274        2.59079        1.91067
     1.92385        2.58611        1.91067
     1.86571        2.57558        1.91067
     1.80892        2.55930        1.91067
     1.75404        2.53743        1.91067
     1.70162        2.51019        1.91067
     1.65217        2.47785        1.91067
     1.60620        2.44074        1.91067
     1.56417        2.39923        1.91067
     1.52649        2.35372        1.91067
     1.49354        2.30468        1.91067
     1.46566        2.25260        1.91067
     1.44311        2.19799        1.91067
     1.42612        2.14141        1.91067
     1.41487        2.08341        1.91067
     1.40947        2.02458        1.91067
     1.40997        1.96550        1.91067
     1.41636        1.90677        1.91067
     1.42858        1.84896        1.91067
     1.44652        1.79267        1.91067
     1.46998        1.73845        1.91067
     1.49874        1.68685        1.91067
     1.53251        1.63837        1.91067
     1.57094        1.59350        1.91067
     1.61367        1.55270        1.91067
     1.66026        1.51637        1.91067
     1.71024        1.48486        1.91067
     1.76311        1.45851        1.91067
     1.81835        1.43756        1.91067
     1.87541        1.42224        1.91067
     1.93371        1.41269        1.91067
     1.99268        1.40900        1.91067
     2.05172        1.41123        1.91067
     2.11024        1.41933        1.91067
     2.16766        1.43324        1.91067
     2.22340        1.45281        1.91067
     2.27691        1.47784        1.91067
     2.32766        1.50810        1.91067
     2.37513        1.54326        1.91067
     2.41885        1.58300        1.91067
     2.45839        1.62690        1.91067
     2.49335        1.67452        1.91067
     2.52338        1.72540        1.91067
     2.54818        1.77902        1.91067
     2.56750        1.83485        1.91067
     2.58115        1.89233        1.91067
     2.58900        1.95089        1.91067

     2.77884        2.00000        1.84212
     2.77495        2.07775        1.84212
     2.76331        2.15473        1.84212
     2.74405        2.23016        1.84212
     2.71736        2.30329        1.84212
     2.68349        2.37339        1.84212
     2.64280        2.43976        1.84212
     2.59569        2.50174        1.84212
     2.54262        2.55870        1.84212
     2.48413        2.61008        1.84212
     2.42081        2.65537        1.84212
     2.35328        2.69410        1.84212
     2.28222        2.72591        1.84212
     2.20834        2.75045        1.84212
     2.13238        2.76750        1.84212
     2.05509        2.77689        1.84212
     1.97726        2.77850        1.84212
     1.89965        2.77234        1.84212
     1.82305        2.75847        1.84212
     1.74821        2.73701        1.84212
     1.67589        2.70819        1.84212
     1.60681        2.67230        1.84212
     1.54165        2.62969        1.84212
     1.48108        2.58078        1.84212
     1.42569        2.52608        1.84212
     1.37604        2.46611        1.84212
     1.33262        2.40149        1.84212
     1.29588        2.33286        1.84212
     1.26616        2.26090        1.84212
     1.24378        2.18634        1.84212
     1.22896        2.10991        1.84212
     1.22184        2.03238        1.84212
     1.22249        1.95454        1.84212
     1.23091        1.87714        1.84212
     1.24702        1.80098        1.84212
     1.27065        1.72680        1.84212
     1.30157        1.65535        1.84212
     1.33947        1.58734        1.84212
     1.38397        1.52346        1.84212
     1.43462        1.46434        1.84212
     1.49092        1.41057        1.84212
     1.55231        1.36270        1.84212
     1.61817        1.32118        1.84212
     1.68784        1.28646        1.84212
     1.76064        1.25886        1.84212
     1.83582        1.23866        1.84212
     1.91265        1.22608        1.84212
     1.99035        1.22122        1.84212
     2.06815        1.22415        1.84212
     2.14526        1.23483        1.84212
     2.22093        1.25315        1.84212
     2.29438        1.27894        1.84212
     2.36490        1.31193        1.84212
     2.43177        1.35180        1.84212
     2.49432        1.39814        1.84212
     2.55194        1.45050        1.84212
     2.60404        1.50835        1.84212
     2.65010        1.57111        1.84212
     2.68968        1.63815        1.84212
     2.72235        1.70881        1.84212
     2.74782        1.78238        1.84212
     2.76581        1.85813        1.84212
     2.77614        1.93529        1.84212

     2.95885        2.00000        1.75517
     2.95406        2.09573        1.75517
     2.93974        2.19049        1.75517
     2.91603        2.28336        1.75517
     2.88316        2.37339        1.75517
     2.84147        2.45970        1.75517
     2.79137        2.54141        1.75517
     2.73337        2.61771        1.75517
     2.66804        2.68784        1.75517
     2.59603        2.75109        1.75517
     2.51807        2.80685        1.75517
     2.43493        2.85454        1.75517
     2.34745        2.89369        1.75517
     2.25649        2.92391        1.75517
     2.16297        2.94490        1.75517
     2.06783        2.95645        1.75517
     1.97200        2.95844        1.75517
     1.87646        2.95086        1.75517
     1.78215        2.93377        1.75517
     1.69001        2.90736        1.75517
     1.60098        2.87188        1.75517
     1.51593        2.82769        1.75517
     1.43572        2.77523        1.75517
     1.36114        2.71502        1.75517
     1.29295        2.64767        1.75517
     1.23182        2.57385        1.75517
     1.17837        2.49429        1.75517
     1.13313        2.40979        1.75517
     1.09655        2.32120        1.75517
     1.06900        2.22940        1.75517
     1.05074        2.13531        1.75517
     1.04198        2.03987        1.75517
     1.04278        1.94403        1.75517
     1.05315        1.84875        1.75517
     1.07298        1.75497        1.75517
     1.10208        1.66365        1.75517
     1.14014        1.57569        1.75517
     1.18680        1.49197        1.75517
     1.24158        1.41332        1.75517
     1.30394        1.34053        1.75517
     1.37325        1.27434        1.75517
     1.44883        1.21539        1.75517
     1.52991        1.16429        1.75517
     1.61569        1.12153        1.75517
     1.70531        1.08756        1.75517
     1.79788        1.06269        1.75517
     1.89246        1.04720        1.75517
     1.98812        1.04122        1.75517
     2.08390        1.04483        1.75517
     2.17884        1.05797        1.75517
     2.27199        1.08053        1.75517
     2.36242        1.11228        1.75517
     2.44924        1.15290        1.75517
     2.53156        1.20198        1.75517
     2.60858        1.25903        1.75517
     2.67951        1.32349        1.75517
     2.74365        1.39471        1.75517
     2.80037        1.47197        1.75517
     2.84908        1.55452        1.75517
     2.88931        1.64151        1.75517
     2.92066        1.73208        1.75517
     2.94281        1.82533        1.75517
     2.95554        1.92033        1.75517

     3.12928        2.00000        1.65067
     3.12364        2.11274        1.65067
     3.10677        2.22435        1.65067
     3.07885        2.33373        1.65067
     3.04014        2.43976        1.65067
     2.99104        2.54141        1.65067
     2.93204        2.63764        1.65067
     2.86372        2.72751        1.65067
     2.78678        2.81010        1.65067
     2.70197        2.88460        1.65067
     2.61016        2.95026        1.65067
     2.51224        3.00643        1.65067
     2.40921        3.05254        1.65067
     2.30208        3.08813        1.65067
     2.19194        3.11285        1.65067
     2.07988        3.12646        1.65067
     1.96703        3.12880        1.65067
     1.85450        3.11987        1.65067
     1.74342        3.09975        1.65067
     1.63491        3.06864        1.65067
     1.53005        3.02686        1.65067
     1.42988        2.97481        1.65067
     1.33541        2.91302        1.65067
     1.24758        2.84211        1.65067
     1.16727        2.76279        1.65067
     1.09528        2.67585        1.65067
     1.03233        2.58215        1.65067
     0.97904        2.48263        1.65067
     0.93596        2.37830        1.65067
     0.90351        2.27018        1.65067
     0.88202        2.15936        1.65067
     0.87169        2.04696        1.65067
     0.87264        1.93408        1.65067
     0.88485        1.82186        1.65067
     0.90821        1.71142        1.65067
     0.94247        1.60387        1.65067
     0.98730        1.50027        1.65067
     1.04225        1.40166        1.65067
     1.10677        1.30904        1.65067
     1.18022        1.22332        1.65067
     1.26185        1.14535        1.65067
     1.35086        1.07593        1.65067
     1.44636        1.01574        1.65067
     1.54738        0.96539        1.65067
     1.65293        0.92537        1.65067
     1.76195        0.89609        1.65067
     1.87335        0.87784        1.65067
     1.98601        0.87080        1.65067
     2.09881        0.87505        1.65067
     2.21063        0.89053        1.65067
     2.32034        0.91710        1.65067
     2.42684        0.95449        1.65067
     2.52909        1.00233        1.65067
     2.62605        1.06013        1.65067
     2.71675        1.12733        1.65067
     2.80029        1.20324        1.65067
     2.87583        1.28712        1.65067
     2.94263        1.37812        1.65067
     3.00000        1.47533        1.65067
     3.04739        1.57779        1.65067
     3.08431        1.68446        1.65067
     3.11039        1.79429        1.65067
     3.12538        1.90617        1.65067

     3.28844        2.00000        1.52968
     3.28200        2.12863        1.52968
     3.26275        2.25597        1.52968
     3.23089        2.38076        1.52968
     3.18673        2.50174        1.52968
     3.13071        2.61771        1.52968
     3.06339        2.72751        1.52968
     2.98545        2.83003        1.52968
     2.89766        2.92427        1.52968
     2.80090        3.00927        1.52968
     2.69614        3.08418        1.52968
     2.58443        3.14826        1.52968
     2.46687        3.20087        1.52968
     2.34465        3.24148        1.52968
     2.21899        3.26969        1.52968
     2.09114        3.28521        1.52968
     1.96238        3.28789        1.52968
     1.83399        3.27770        1.52968
     1.70726        3.25474        1.52968
     1.58346        3.21925        1.52968
     1.46382        3.17157        1.52968
     1.34954        3.11219        1.52968
     1.24175        3.04170        1.52968
     1.14155        2.96079        1.52968
     1.04992        2.87029        1.52968
     0.96778        2.77109        1.52968
     0.89595        2.66419        1.52968
     0.83516        2.55065        1.52968
     0.78601        2.43161        1.52968
     0.74898        2.30826        1.52968
     0.72446        2.18182        1.52968
     0.71268        2.05357        1.52968
     0.71376        1.92479        1.52968
     0.72770        1.79675        1.52968
     0.75434        1.67075        1.52968
     0.79344        1.54804        1.52968
     0.84458        1.42984        1.52968
     0.90728        1.31734        1.52968
     0.98089        1.21166        1.52968
     1.06468        1.11386        1.52968
     1.15782        1.02491        1.52968
     1.25938        0.94570        1.52968
     1.36833        0.87703        1.52968
     1.48360        0.81958        1.52968
     1.60402        0.77392        1.52968
     1.72840        0.74052        1.52968
     1.85550        0.71969        1.52968
     1.98404        0.71166        1.52968
     2.11274        0.71651        1.52968
     2.24031        0.73417        1.52968
     2.36548        0.76449        1.52968
     2.48700        0.80715        1.52968
     2.60365        0.86173        1.52968
     2.71428        0.92768        1.52968
     2.81776        1.00434        1.52968
     2.91308        1.09096        1.52968
     2.99927        1.18665        1.52968
     3.07547        1.29048        1.52968
     3.14093        1.40139        1.52968
     3.19500        1.51828        1.52968
     3.23712        1.63999        1.52968
     3.26688        1.76530        1.52968
     3.28398        1.89294        1.52968

     3.43471        2.00000        1.39341
     3.42754        2.14323        1.39341
     3.40611        2.28503        1.39341
     3.37063        2.42399        1.39341
     3.32146        2.55870        1.39341
     3.25908        2.68784        1.39341
     3.18412        2.81010        1.39341
     3.09733        2.92427        1.39341
     2.99957        3.02920        1.39341
     2.89183        3.12385        1.39341
     2.77518        3.20727        1.39341
     2.65078        3.27863        1.39341
     2.51988        3.33721        1.39341
     2.38378        3.38243        1.39341
     2.24385        3.41384        1.39341
     2.10149        3.43112        1.39341
     1.95811        3.43410        1.39341
     1.81515        3.42275        1.39341
     1.67403        3.39719        1.39341
     1.53617        3.35767        1.39341
     1.40295        3.30458        1.39341
     1.27569        3.23846        1.39341
     1.15567        3.15996        1.39341
     1.04409        3.06987        1.39341
     0.94205        2.96910        1.39341
     0.85059        2.85864        1.39341
     0.77061        2.73960        1.39341
     0.70292        2.61317        1.39341
     0.64818        2.48061        1.39341
     0.60695        2.34325        1.39341
     0.57965        2.20247        1.39341
     0.56653        2.05966        1.39341
     0.56773        1.91625        1.39341
     0.58325        1.77368        1.39341
     0.61292        1.63337        1.39341
     0.65645        1.49673        1.39341
     0.71341        1.36511        1.39341
     0.78322        1.23984        1.39341
     0.86519        1.12216        1.39341
     0.95850        1.01325        1.39341
     1.06221        0.91421        1.39341
     1.17529        0.82601        1.39341
     1.29662        0.74954        1.39341
     1.42497        0.68557        1.39341
     1.55907        0.63472        1.39341
     1.69757        0.59753        1.39341
     1.83909        0.57434        1.39341
     1.98223        0.56540        1.39341
     2.12554        0.57079        1.39341
     2.26759        0.59046        1.39341
     2.40697        0.62422        1.39341
     2.54229        0.67172        1.39341
     2.67219        0.73250        1.39341
     2.79537        0.80594        1.39341
     2.91060        0.89131        1.39341
     3.01674        0.98775        1.39341
     3.11271        1.09431        1.39341
     3.19757        1.20992        1.39341
     3.27047        1.33343        1.39341
     3.33066        1.46359        1.39341
     3.37757        1.59912        1.39341
     3.41071        1.73865        1.39341
     3.42975        1.88079        1.39341

     3.56665        2.00000        1.24322
     3.55883        2.15640        1.24322
     3.53543        2.31125        1.24322
     3.49668        2.46298        1.24322
     3.44298        2.61008        1.24322
     3.37487        2.75109        1.24322
     3.29302        2.88460        1.24322
     3.19824        3.00927        1.24322
     3.09150        3.12385        1.24322
     2.97385        3.22720        1.24322
     2.84647        3.31829        1.24322
     2.71063        3.39621        1.24322
     2.56769        3.46018        1.24322
     2.41908        3.50956        1.24322
     2.26628        3.54386        1.24322
     2.11082        3.56273        1.24322
     1.95425        3.56599        1.24322
     1.79815        3.55360        1.24322
     1.64405        3.52568        1.24322
     1.49352        3.48252        1.24322
     1.34804        3.42455        1.24322
     1.20908        3.35235        1.24322
     1.07802        3.26663        1.24322
     0.95618        3.16826        1.24322
     0.84476        3.05822        1.24322
     0.74489        2.93760        1.24322
     0.65755        2.80761        1.24322
     0.58363        2.66956        1.24322
     0.52386        2.52481        1.24322
     0.47884        2.37482        1.24322
     0.44902        2.22109        1.24322
     0.43470        2.06514        1.24322
     0.43602        1.90855        1.24322
     0.45296        1.75287        1.24322
     0.48536        1.59966        1.24322
     0.53290        1.45044        1.24322
     0.59509        1.30672        1.24322
     0.67132        1.16993        1.24322
     0.76083        1.04143        1.24322
     0.86272        0.92251        1.24322
     0.97597        0.81435        1.24322
     1.09945        0.71804        1.24322
     1.23193        0.63454        1.24322
     1.37209        0.56469        1.24322
     1.51852        0.50917        1.24322
     1.66976        0.46855        1.24322
     1.82430        0.44323        1.24322
     1.98059        0.43347        1.24322
     2.13708        0.43935        1.24322
     2.29220        0.46084        1.24322
     2.44440        0.49770        1.24322
     2.59216        0.54957        1.24322
     2.73400        0.61593        1.24322
     2.86851        0.69613        1.24322
     2.99434        0.78935        1.24322
     3.11024        0.89466        1.24322
     3.21504        1.01102        1.24322
     3.30771        1.13727        1.24322
     3.38730        1.27213        1.24322
     3.45304        1.41426        1.24322
     3.50425        1.56225        1.24322
     3.54044        1.71461        1.24322
     3.56124        1.86983        1.24322

     3.68294        2.00000        1.08060
     3.67453        2.16801        1.08060
     3.64940        2.33435        1.08060
     3.60778        2.49734        1.08060
     3.55009        2.65537        1.08060
     3.47692        2.80685        1.08060
     3.38899        2.95026        1.08060
     3.28719        3.08418        1.08060
     3.17252        3.20727        1.08060
     3.04613        3.31829        1.08060
     2.90930        3.41615        1.08060
     2.76338        3.49985        1.08060
     2.60983        3.56857        1.08060
     2.45019        3.62161        1.08060
     2.28604        3.65845        1.08060
     2.11905        3.67873        1.08060
     1.95086        3.68222        1.08060
     1.78316        3.66891        1.08060
     1.61763        3.63893        1.08060
     1.45592        3.59257        1.08060
     1.29965        3.53029        1.08060
     1.15037        3.45273        1.08060
     1.00959        3.36065        1.08060
     0.87870        3.25498        1.08060
     0.75901        3.13677        1.08060
     0.65172        3.00719        1.08060
     0.55791        2.86756        1.08060
     0.47850        2.71926        1.08060
     0.41429        2.56377        1.08060
     0.36593        2.40264        1.08060
     0.33390        2.23750        1.08060
     0.31851        2.06998        1.08060
     0.31993        1.90176        1.08060
     0.33813        1.73452        1.08060
     0.37293        1.56994        1.08060
     0.42400        1.40965        1.08060
     0.49081        1.25526        1.08060
     0.57270        1.10832        1.08060
     0.66885        0.97028        1.08060
     0.77830        0.84253        1.08060
     0.89996        0.72635        1.08060
     1.03260        0.62289        1.08060
     1.17492        0.53319        1.08060
     1.32548        0.45815        1.08060
     1.48278        0.39851        1.08060
     1.64524        0.35487        1.08060
     1.81125        0.32768        1.08060
     1.97915        0.31719        1.08060
     2.14726        0.32351        1.08060
     2.31389        0.34659        1.08060
     2.47739        0.38619        1.08060
     2.63611        0.44191        1.08060
     2.78849        0.51320        1.08060
     2.93298        0.59934        1.08060
     3.06815        0.69948        1.08060
     3.19265        0.81262        1.08060
     3.30523        0.93761        1.08060
     3.40477        1.07323        1.08060
     3.49028        1.21810        1.08060
     3.56089        1.37079        1.08060
     3.61591        1.52976        1.08060
     3.65478        1.69343        1.08060
     3.67712        1.86017        1.08060

     3.78241        2.00000        0.90719
     3.77351        2.17794        0.90719
     3.74689        2.35411        0.90719
     3.70281        2.52674        0.90719
     3.64171        2.69410        0.90719
     3.56422        2.85454        0.90719
     3.47109        3.00643        0.90719
     3.36327        3.14826        0.90719
     3.24182        3.27863        0.90719
     3.10797        3.39621        0.90719
     2.96304        3.49985        0.90719
     2.80850        3.58850        0.90719
     2.64587        3.66128        0.90719
     2.47679        3.71746        0.90719
     2.30295        3.75648        0.90719
     2.12608        3.77795        0.90719
     1.94795        3.78165        0.90719
     1.77035        3.76756        0.90719
     1.59503        3.73580        0.90719
     1.42376        3.68670        0.90719
     1.25825        3.62075        0.90719
     1.10015        3.53860        0.90719
     0.95105        3.44108        0.90719
     0.81242        3.32916        0.90719
     0.68566        3.20396        0.90719
     0.57203        3.06673        0.90719
     0.47267        2.91884        0.90719
     0.38857        2.76177        0.90719
     0.32057        2.59709        0.90719
     0.26935        2.42644        0.90719
     0.23542        2.25153        0.90719
     0.21913        2.07411        0.90719
     0.22062        1.89595        0.90719
     0.23990        1.71883        0.90719
     0.27676        1.54452        0.90719
     0.33085        1.37476        0.90719
     0.40160        1.21125        0.90719
     0.48833        1.05561        0.90719
     0.59017        0.90942        0.90719
     0.70609        0.77412        0.90719
     0.83494        0.65106        0.90719
     0.97543        0.54149        0.90719
     1.12615        0.44649        0.90719
     1.28561        0.36701        0.90719
     1.45221        0.30385        0.90719
     1.62427        0.25764        0.90719
     1.80010        0.22883        0.90719
     1.97792        0.21772        0.90719
     2.15596        0.22442        0.90719
     2.33244        0.24886        0.90719
     2.50560        0.29080        0.90719
     2.67371        0.34981        0.90719
     2.83509        0.42532        0.90719
     2.98812        0.51655        0.90719
     3.13129        0.62261        0.90719
     3.26314        0.74243        0.90719
     3.38238        0.87482        0.90719
     3.48780        1.01845        0.90719
     3.57836        1.17189        0.90719
     3.65315        1.33360        0.90719
     3.71142        1.50197        0.90719
     3.75259        1.67531        0.90719
     3.77625        1.85190        0.90719

     3.86408        2.00000        0.72472
     3.85477        2.18610        0.72472
     3.82692        2.37034        0.72472
     3.78082        2.55087        0.72472
     3.71693        2.72591        0.72472
     3.63588        2.89369        0.72472
     3.53849        3.05254        0.72472
     3.42573        3.20087        0.72472
     3.29872        3.33721        0.72472
     3.15873        3.46018        0.72472
     3.00717        3.56857        0.72472
     2.84554        3.66128        0.72472
     2.67546        3.73739        0.72472
     2.49864        3.79615        0.72472
     2.31683        3.83696        0.72472
     2.13186        3.85941        0.72472
     1.94557        3.86328        0.72472
     1.75982        3.84854        0.72472
     1.57648        3.81533        0.72472
     1.39736        3.76398        0.72472
     1.22427        3.69500        0.72472
     1.05893        3.60909        0.72472
     0.90299        3.50710        0.72472
     0.75801        3.39005        0.72472
     0.62544        3.25912        0.72472
     0.50661        3.11560        0.72472
     0.40269        2.96093        0.72472
     0.31474        2.79667        0.72472
     0.24362        2.62444        0.72472
     0.19006        2.44598        0.72472
     0.15458        2.26306        0.72472
     0.13753        2.07751        0.72472
     0.13910        1.89119        0.72472
     0.15926        1.70595        0.72472
     0.19781        1.52365        0.72472
     0.25437        1.34611        0.72472
     0.32837        1.17511        0.72472
     0.41908        1.01234        0.72472
     0.52557        0.85945        0.72472
     0.64681        0.71795        0.72472
     0.78156        0.58926        0.72472
     0.92848        0.47467        0.72472
     1.08612        0.37531        0.72472
     1.25288        0.29220        0.72472
     1.42711        0.22614        0.72472
     1.60706        0.17781        0.72472
     1.79094        0.14768        0.72472
     1.97691        0.13606        0.72472
     2.16310        0.14307        0.72472
     2.34767        0.16863        0.72472
     2.52877        0.21249        0.72472
     2.70458        0.27421        0.72472
     2.87335        0.35317        0.72472
     3.03340        0.44859        0.72472
     3.18312        0.55951        0.72472
     3.32102        0.68482        0.72472
     3.44572        0.82327        0.72472
     3.55597        0.97348        0.72472
     3.65068        1.13395        0.72472
     3.72889        1.30306        0.72472
     3.78983        1.47915        0.72472
     3.83289        1.66043        0.72472
     3.85763        1.84511        0.72472

     3.92712        2.00000        0.53500
     3.91749        2.19239        0.53500
     3.88870        2.38286        0.53500
     3.84104        2.56950        0.53500
     3.77499        2.75045        0.53500
     3.69120        2.92391        0.53500
     3.59052        3.08813        0.53500
     3.47394        3.24148        0.53500
     3.34263        3.38243        0.53500
     3.19791        3.50956        0.53500
     3.04123        3.62161        0.53500
     2.87413        3.71746        0.53500
     2.69831        3.79615        0.53500
     2.51550        3.85689        0.53500
     2.32755        3.89908        0.53500
     2.13632        3.92229        0.53500
     1.94373        3.92629        0.53500
     1.75170        3.91105        0.53500
     1.56216        3.87672        0.53500
     1.37698        3.82363        0.53500
     1.19804        3.75232        0.53500
     1.02710        3.66350        0.53500
     0.86589        3.55807        0.53500
     0.71601        3.43706        0.53500
     0.57896        3.30170        0.53500
     0.45610        3.15333        0.53500
     0.34868        2.99343        0.53500
     0.25775        2.82361        0.53500
     0.18423        2.64556        0.53500
     0.12885        2.46106        0.53500
     0.09217        2.27195        0.53500
     0.07455        2.08013        0.53500
     0.07617        1.88751        0.53500
     0.09701        1.69601        0.53500
     0.13687        1.50754        0.53500
     0.19534        1.32400        0.53500
     0.27184        1.14721        0.53500
     0.36561        0.97894        0.53500
     0.47571        0.82088        0.53500
     0.60104        0.67459        0.53500
     0.74035        0.54155        0.53500
     0.89225        0.42308        0.53500
     1.05521        0.32037        0.53500
     1.22761        0.23444        0.53500
     1.40773        0.16615        0.53500
     1.59377        0.11619        0.53500
     1.78387        0.08504        0.53500
     1.97613        0.07303        0.53500
     2.16862        0.08027        0.53500
     2.35943        0.10670        0.53500
     2.54665        0.15204        0.53500
     2.72841        0.21585        0.53500
     2.90289        0.29748        0.53500
     3.06834        0.39612        0.53500
     3.22313        0.51079        0.53500
     3.36569        0.64034        0.53500
     3.49461        0.78348        0.53500
     3.60859        0.93876        0.53500
     3.70650        1.10466        0.53500
     3.78736        1.27950        0.53500
     3.85036        1.46153        0.53500
     3.89487        1.64895        0.53500
     3.92045        1.83988        0.53500

     3.97090        2.00000        0.33993
     3.96105        2.19676        0.33993
     3.93161        2.39156        0.33993
     3.88287        2.58244        0.33993
     3.81532        2.76750        0.33993
     3.72963        2.94490        0.33993
     3.62665        3.11285        0.33993
     3.50743        3.26969        0.33993
     3.37314        3.41384        0.33993
     3.22513        3.54386        0.33993
     3.06488        3.65845        0.33993
     2.89399        3.75648        0.33993
     2.71417        3.83696        0.33993
     2.52721        3.89908        0.33993
     2.33499        3.94222        0.33993
     2.13942        3.96596        0.33993
     1.94245        3.97006        0.33993
     1.74606        3.95447        0.33993
     1.55221        3.91936        0.33993
     1.36283        3.86506        0.33993
     1.17982        3.79213        0.33993
     1.00500        3.70130        0.33993
     0.84012        3.59347        0.33993
     0.68684        3.46971        0.33993
     0.54667        3.33127        0.33993
     0.42103        3.17953        0.33993
     0.31116        3.01600        0.33993
     0.21816        2.84232        0.33993
     0.14297        2.66023        0.33993
     0.08634        2.47154        0.33993
     0.04882        2.27813        0.33993
     0.03081        2.08195        0.33993
     0.03246        1.88495        0.33993
     0.05378        1.68910        0.33993
     0.09454        1.49635        0.33993
     0.15434        1.30864        0.33993
     0.23258        1.12784        0.33993
     0.32848        0.95575        0.33993
     0.44108        0.79409        0.33993
     0.56926        0.64448        0.33993
     0.71173        0.50842        0.33993
     0.86708        0.38726        0.33993
     1.03375        0.28221        0.33993
     1.21007        0.19433        0.33993
     1.39428        0.12449        0.33993
     1.58454        0.07339        0.33993
     1.77896        0.04153        0.33993
     1.97558        0.02925        0.33993
     2.17245        0.03666        0.33993
     2.36760        0.06368        0.33993
     2.55907        0.11006        0.33993
     2.74496        0.17531        0.33993
     2.92340        0.25880        0.33993
     3.09262        0.35968        0.33993
     3.25092        0.47696        0.33993
     3.39672        0.60945        0.33993
     3.52856        0.75584        0.33993
     3.64513        0.91465        0.33993
     3.74527        1.08432        0.33993
     3.82797        1.26313        0.33993
     3.89240        1.44930        0.33993
     3.93792        1.64098        0.33993
     3.96408        1.83624        0.33993

     3.99499        2.00000        0.14147
     3.98502        2.19917        0.14147
     3.95522        2.39634        0.14147
     3.90589        2.58956        0.14147
     3.83751        2.77689        0.14147
     3.75077        2.95645        0.14147
     3.64654        3.12646        0.14147
     3.52585        3.28521        0.14147
     3.38992        3.43112        0.14147
     3.24011        3.56273        0.14147
     3.07790        3.67873        0.14147
     2.90492        3.77795        0.14147
     2.72290        3.85941        0.14147
     2.53366        3.92229        0.14147
     2.33908        3.96596        0.14147
     2.14112        3.98999        0.14147
     1.94175        3.99414        0.14147
     1.74296        3.97836        0.14147
     1.54673        3.94282        0.14147
     1.35504        3.88786        0.14147
     1.16979        3.81404        0.14147
     0.99284        3.72209        0.14147
     0.82595        3.61294        0.14147
     0.67079        3.48767        0.14147
     0.52891        3.34754        0.14147
     0.40173        3.19395        0.14147
     0.29052        3.02842        0.14147
     0.19639        2.85262        0.14147
     0.12028        2.66830        0.14147
     0.06295        2.47730        0.14147
     0.02497        2.28153        0.14147
     0.00674        2.08295        0.14147
     0.00841        1.88354        0.14147
     0.02999        1.68530        0.14147
     0.07125        1.49020        0.14147
     0.13178        1.30019        0.14147
     0.21098        1.11718        0.14147
     0.30805        0.94298        0.14147
     0.42203        0.77935        0.14147
     0.55177        0.62791        0.14147
     0.69599        0.49019        0.14147
     0.85323        0.36755        0.14147
     1.02193        0.26122        0.14147
     1.20041        0.17226        0.14147
     1.38687        0.10156        0.14147
     1.57946        0.04984        0.14147
     1.77626        0.01760        0.14147
     1.97528        0.00516        0.14147
     2.17456        0.01266        0.14147
     2.37209        0.04002        0.14147
     2.56590        0.08696        0.14147
     2.75406        0.15301        0.14147
     2.93469        0.23752        0.14147
     3.10597        0.33963        0.14147
     3.26621        0.45834        0.14147
     3.41379        0.59245        0.14147
     3.54725        0.74063        0.14147
     3.66524        0.90139        0.14147
     3.76660        1.07312        0.14147
     3.85031        1.25412        0.14147
     3.91553        1.44257        0.14147
     3.96161        1.63659        0.14147
     3.98809        1.83424        0.14147

